0.217000
0.210424
0.204047
0.197864
0.191867
0.186053
0.180415
0.174947
0.169646
0.164505
0.159519
0.154685
0.149998
0.145452
0.141044
0.136770
0.132625
0.128606
0.124709
0.120930
0.117265
0.113711
0.110265
0.106924
0.103683
0.100541
0.097495
0.094540
0.091675
0.088897
0.086203
0.083591
0.081057
0.078601
0.076219
0.073909
0.071669
0.069498
0.067391
0.065349
0.063369
0.061448
0.059586
0.057781
0.056030
0.054332
0.052685
0.051089
0.049540
0.048039
0.046583
0.045172
0.043803
0.042475
0.041188
0.039940
0.038730
0.037556
0.036418
0.035314
0.034244
0.033206
0.032200
0.031224
0.030278
0.029360
0.028471
0.027608
0.026771
0.025960
0.025173
0.024410
0.023671
0.022953
0.022258
0.021583
0.020929
0.020295
0.019680
0.019083
0.018505
0.017944
0.017401
0.016873
0.016362
0.015866
0.015385
0.014919
0.014467
0.014028
0.013603
0.013191
0.012791
0.012404
0.012028
0.011663
0.011310
0.010967
0.010635
0.010313
