0 0 0 0 0 0 0 0 0 0 0 0 0 0 0 0 0 0 0 0 
0 0 0 0 0 0 0 0 0 0 0 0 0 0 0 0 0 0 0 -0.00405708 
0 0 0 0 0 0 0 0 0 0 0 0 0 0 0 0 0 0 0 -0.0104338 
0 0 0 0 0 0 0 0 0 0 0 0 0 0 0 0 0 0 0 -0.0166172 
0 0 0 0 0 0 0 0 0 0 0 0 0 0 0 0 0 0 0 -0.0226133 
0 0 -0.00365534 0 0 0 0 0 0 0 0 0 0 0 0 0 0 0 0 -0.0282267 
0 0 -0.00900015 0 0 0 0 0 0 0 0 0 0 0 0 0 0 0 0 -0.0335715 
0 0 -0.014183 0 0 0 0 0 0 0 0 0 0 0 0 0 0 0 0 -0.0387542 
0 0 -0.0192087 0 0 0 0 0 0 0 0 0 0 0 0 0 0 0 0 -0.04378 
0 0 -0.0240822 0 0 0 0 0 0 0 0 0 0 0 0 0 0 0 0 -0.0486533 
0 0 -0.0288079 0 0 0 0 0 0 0 0 0 0 0 0 0 0 0 0 -0.0533791 
0 0 -0.0333905 0 0 0 0 0 0 0 0 0 0 0 0 0 0 0 0 -0.0579616 
0 0 -0.0378342 0 0 0 0 0 0 0 0 0 0 0 0 0 0 0 0 -0.0624053 
0 0 -0.0421432 0 0 0 0 0 0 0 0 0 0 0 0 0 0 0 0 -0.0667142 
0 0 -0.0463217 0 0 0 0 0 0 0 0 0 0 0 0 0 0 0 0 -0.0708926 
0 0 -0.0503735 0 0 0 0 0 0 0 0 0 0 0 0 0 0 0 0 -0.0749444 
0 0 -0.0543025 0 0 0 0 0 0 0 0 0 0 0 0 0 0 0 0 -0.0788734 
0 0 -0.0581125 0 0 0 0 0 0 0 0 0 0 0 0 0 0 0 0 -0.0826834 
0 0 -0.061807 0 0 0 0 0 0 0 0 0 0 0 0 0 0 0 0 -0.0863778 
0 0 -0.0650926 0 0.00239835 0 0 0.000703886 0 0 0 0 0 0 0 0 0 0 0 -0.0903085 
0 0 -0.068045 0 0.00575758 0 0 0.00391129 0 0 0 0 0 0 0 0 0 0 0 -0.0943856 
0 0 -0.0709077 0 0.00901535 0 0 0.00702121 0 0 0 0 0 0 0 0 0 0 0 -0.0983392 
0 0 -0.0736836 0 0.0121744 0 0 0.0100369 0 0 0 0 0 0 0 0 0 0 0 -0.102173 
0 0 -0.0763755 0 0.0152377 0 0 0.0129613 0 0 0 0 0 0 0 0 0 0 0 -0.105891 
0 0 -0.0790063 0 0.0185683 0 0 0.0157264 0 0 -0.00248283 0 0 0 0 0 0 0 0 -0.109582 
0 0 -0.0815676 0 0.0219867 0 0 0.0183704 0 0 -0.00620374 0 0 0 0 0 0 0 0 -0.113208 
0 0 -0.0840515 0 0.0253021 0 0 0.0209344 0 0 -0.00981197 0 0 0 0 0 0 0 0 -0.116724 
0 0 -0.0864601 0 0.0285169 0 0 0.0234205 0 0 -0.0133108 0 0 0 0 0 0 0 0 -0.120133 
0 0 -0.0887957 0 0.0316354 0 0 0.0258313 0 0 -0.0167037 0 0 0 0 0 0 0 0 -0.123439 
0.000110477 0 -0.0910649 0 0.0346494 0 0 0.0281717 0 0 -0.0199848 0 0 0 0 0 0 0 0 -0.126633 
0.00228492 0 -0.0931796 0 0.0377112 0 0 0.0303454 0 0 -0.0230992 0 0 0 0.00195833 0 0 0 0 -0.129541 
0.00439879 0 -0.0951546 0 0.0408299 0 0 0.0323785 0 0 -0.0261721 0 0 0 0.0048567 0 0 0 0 -0.132381 
0.00644852 0 -0.0970697 0 0.0438542 0 0 0.0343499 0 0 -0.0291511 0 0 0 0.00766737 0 0 0 0 -0.135135 
0.00843614 0 -0.0989268 0 0.0467869 0 0 0.0362615 0 0 -0.0320398 0 0 0 0.0103929 0 0 0 0 -0.137806 
0.0103635 0 -0.100728 0 0.0496307 0 0 0.0381153 0 0 -0.0348409 0 0 0 0.0130368 0 0 0 0 -0.140395 
0.0122324 0 -0.102474 0 0.0523885 0 0 0.0399127 0 0 -0.0375572 0 0 0 0.0155988 0 0 0 0 -0.142907 
0.0139732 0 -0.103893 0 0.0550804 0 0 0.0416833 0 -0.0012209 -0.0401831 0 -0.000471346 0 0.0181028 0 0 0 0 -0.145433 
0.015372 0 -0.104573 0 0.0578177 0 0 0.0432118 0 -0.00392461 -0.0429748 0 -0.00202186 0 0.0208056 0 0 0 0.00260798 -0.148147 
0.0167202 0 -0.105211 0 0.0604807 0 0 0.0446832 0 -0.00655528 -0.0456942 0 -0.0035372 0 0.0234425 0 0 0 0.00527982 -0.150789 
0.0180263 0 -0.10583 0 0.0630627 0 0 0.0461098 0 -0.00910637 -0.0483313 0 -0.00500774 0 0.0259993 0 0 0 0.0078707 -0.15335 
0.0192939 0 -0.10643 0 0.0655666 0 0 0.0474932 0 -0.0115801 -0.0508885 0 -0.00643343 0 0.0284787 0 0 0 0.0103831 -0.155834 
0.0205229 0 -0.107011 0 0.0679945 0 0 0.0488347 0 -0.013979 -0.0533682 0 -0.00781619 0 0.0308829 0 0 0 0.0128194 -0.158242 
0.0217146 0 -0.107575 0 0.0703488 0 0 0.0501354 0 -0.0163051 -0.0557728 0 -0.00915605 0 0.0332142 0 0 0 0.0151818 -0.160578 
0.0228703 0 -0.108122 0 0.0726318 0 0 0.0513968 0 -0.0185608 -0.0581045 0 -0.0104559 0 0.035475 0 0 0 0.0174727 -0.162842 
0.0239911 0 -0.108653 0 0.0748458 0 0 0.05262 0 -0.0207481 -0.0603655 0 -0.0117171 0 0.0376674 0 0 0 0.0196941 -0.165038 
0.0250779 0 -0.109167 0 0.0769927 0 0 0.053806 0 -0.0228693 -0.0625581 0 -0.0129387 0 0.0397935 0 0 0 0.0218483 -0.167168 
0.026115 0 -0.109704 0 0.0791619 0 0 0.0548298 0.00102073 -0.0248075 -0.0646753 0 -0.0143069 0 0.0418535 0 0 0 0.0239556 -0.16907 
0.0270821 -0.000295669 -0.110213 0 0.0813051 0 0 0.055749 0.00255099 -0.0266765 -0.0666819 0 -0.0157169 0 0.0438747 0 0 0 0.025993 -0.170851 
0.0279186 -0.00157791 -0.110587 0 0.0833587 0 0 0.0566314 0.00391039 -0.0286783 -0.0684888 0 -0.0170159 0 0.0459234 0 0 0 0.0279161 -0.172681 
0.028715 -0.00280503 -0.110952 0 0.0853775 0 0 0.0574428 0.00522026 -0.0305961 -0.0702525 0 -0.0183492 0 0.0479168 0.000393733 0 0 0.0298088 -0.174446 
0.029436 -0.00394229 -0.111312 0 0.0874291 0 0 0.0580801 0.00646108 -0.0323793 -0.0720003 0 -0.01988 0 0.0498732 0.00205993 0 0 0.0317358 -0.176125 
0.0301353 -0.00504515 -0.111661 0 0.0894175 0 0 0.0586992 0.00766417 -0.0341084 -0.0736945 0 -0.0213643 0 0.0517704 0.00367562 0 0 0.0336035 -0.177754 
0.0308132 -0.00611439 -0.111999 0 0.0913458 0 0 0.0593005 0.00883079 -0.0357861 -0.0753386 0 -0.0228037 0 0.0536101 0.00524238 0 0 0.0354145 -0.179332 
0.0314707 -0.00715143 -0.112327 0 0.0932155 0 0 0.0598828 0.00996204 -0.0374121 -0.0769318 0 -0.0241994 0 0.055394 0.00676163 0 0 0.0371708 -0.180863 
0.0321673 -0.00826579 -0.112558 -0.00139729 0.0948949 0 0 0.0606435 0.0108429 -0.0390111 -0.0783792 0 -0.0255698 0 0.0574577 0.00810228 0 0 0.0391023 -0.182533 
0.0328702 -0.00939618 -0.112741 -0.00339347 0.0964606 0 0 0.0614723 0.0115982 -0.0405726 -0.0797369 0 -0.0269067 0 0.0596121 0.00934114 0 0 0.0410802 -0.184236 
0.0335521 -0.0104923 -0.112919 -0.00532919 0.0979788 0 0 0.0622759 0.0123305 -0.0420867 -0.0810535 0 -0.0282033 0 0.0617011 0.0105425 0 0 0.0429982 -0.185887 
0.0342131 -0.0115552 -0.113092 -0.00720625 0.0994511 0 0 0.0630553 0.0130407 -0.043555 -0.0823302 0 -0.0294605 0 0.0637268 0.0117074 0 0 0.044858 -0.187489 
0.0348541 -0.0125859 -0.11326 -0.0090264 0.100879 0 0 0.063811 0.0137293 -0.0449788 -0.0835681 0 -0.0306795 0 0.0656912 0.012837 0 0 0.0466615 -0.189042 
0.0354757 -0.0135854 -0.113422 -0.0107914 0.102263 0 0 0.0645438 0.0143971 -0.0463594 -0.0847686 0 -0.0318616 0 0.0675961 0.0139324 0 0 0.0484103 -0.190547 
0.0360784 -0.0145546 -0.113579 -0.0125029 0.103606 0 0 0.0652544 0.0150446 -0.0476982 -0.0859327 0 -0.0330079 0 0.0694432 0.0149935 0 0 0.0501062 -0.192008 
0.0366629 -0.0154944 -0.113732 -0.0141626 0.104907 0 0 0.0659435 0.0156725 -0.0489965 -0.0870616 0 -0.0341194 0 0.0712343 0.0160235 0 0 0.0517506 -0.193424 
0.0372296 -0.0164058 -0.11388 -0.0157719 0.10617 0 0 0.0666117 0.0162813 -0.0502554 -0.0881561 0 -0.0351973 0 0.0729712 0.0170223 0 0 0.0533452 -0.194797 
0.0377402 -0.017297 -0.113973 -0.0174689 0.107243 0 0 0.0672539 0.0167318 -0.05148 -0.0892191 -0.000656603 -0.0362677 0 0.07474 0.0180693 0 0 0.0549337 -0.196114 
0.0382088 -0.0181654 -0.114029 -0.0192052 0.108182 0 0 0.0678722 0.0170739 -0.0526693 -0.0902522 -0.0017323 -0.0373234 0 0.0765111 0.019137 0 0 0.056503 -0.197381 
0.0386633 -0.0190075 -0.114083 -0.0208891 0.109093 0 0 0.0684716 0.0174056 -0.0538225 -0.0912539 -0.00277539 -0.038347 0 0.0782285 0.0201725 0 0 0.0580247 -0.198609 
0.039104 -0.0198241 -0.114135 -0.0225221 0.109976 0 0 0.0690526 0.0177272 -0.0549409 -0.0922252 -0.00378684 -0.0393394 0 0.0798938 0.0211769 0 0 0.0595003 -0.199801 
0.0395312 -0.0206159 -0.114186 -0.0241054 0.110833 0 0 0.0696163 0.0180391 -0.0560253 -0.0931675 -0.0047677 -0.040302 0 0.0815087 0.0221506 0 0 0.0609312 -0.200956 
0.0399454 -0.0213828 -0.114236 -0.0256408 0.111663 0 0 0.0701629 0.0183415 -0.0570769 -0.0940809 -0.00571872 -0.0412359 0 0.0830746 0.0230949 0 0 0.0623198 -0.202076 
0.0403472 -0.0221273 -0.114284 -0.0271296 0.112469 0 0 0.0706929 0.0186348 -0.0580965 -0.0949666 -0.006641 -0.042141 0 0.0845931 0.0240105 0 0 0.0636653 -0.203163 
0.0407369 -0.0228503 -0.11433 -0.0285734 0.11325 0 0 0.0712067 0.0189192 -0.0590853 -0.0958251 -0.00753533 -0.0430188 0 0.0860656 0.0248984 0 0 0.06497 -0.204216 
0.0411149 -0.0235505 -0.114375 -0.0299734 0.114007 0 0 0.071705 0.019195 -0.0600441 -0.0966579 -0.00840265 -0.0438693 0 0.0874935 0.0257589 0 0 0.0662351 -0.205237 
0.0414812 -0.0242283 -0.114419 -0.0313309 0.114741 0 0 0.0721883 0.0194624 -0.0609738 -0.097466 -0.00924365 -0.0446949 0 0.0888781 0.0265938 0 0 0.0674621 -0.206228 
0.0418356 -0.0248867 -0.114461 -0.0326474 0.115453 0 0 0.0726569 0.0197218 -0.0618755 -0.0982491 -0.0100591 -0.0454958 0 0.0902206 0.0274037 0 0 0.0686516 -0.207189 
0.0421803 -0.0255252 -0.114502 -0.0339239 0.116144 0 0 0.0731114 0.0199731 -0.0627497 -0.0990084 -0.0108499 -0.0462709 0 0.0915226 0.028189 0 0 0.0698052 -0.20812 
0.0425144 -0.0261443 -0.114542 -0.0351618 0.116813 0 0 0.0735521 0.020217 -0.0635975 -0.0997445 -0.0116166 -0.0470235 0 0.0927851 0.0289495 0 0 0.0709238 -0.209023 
0.0428386 -0.0267448 -0.11458 -0.036362 0.117462 0 0 0.0739798 0.0204535 -0.0644195 -0.100457 -0.01236 -0.0477521 0 0.0940095 0.0296874 0 0 0.0720085 -0.209899 
0.0431507 -0.0273345 -0.114635 -0.0375397 0.118078 0 8.95783e-05 0.0743952 0.0206616 -0.0652281 -0.101154 -0.0130967 -0.0484391 0 0.0951862 0.0303944 -8.39308e-06 0 0.0730481 -0.210726 
0.0434254 -0.0279954 -0.114653 -0.038649 0.118638 0 0.000519089 0.0748264 0.020807 -0.0660941 -0.101833 -0.0137646 -0.049042 0 0.096225 0.0310234 -0.000754159 0 0.0740522 -0.211669 
0.0436915 -0.0286363 -0.11467 -0.0397239 0.119179 0 0.000935962 0.0752463 0.0209473 -0.0669344 -0.102492 -0.0144126 -0.0496273 0 0.0972323 0.0316328 -0.00147683 0 0.0750261 -0.212584 
0.0439494 -0.0292579 -0.114686 -0.0407669 0.119705 0 0.00134018 0.0756514 0.0210837 -0.0677489 -0.103131 -0.015041 -0.050195 0 0.098209 0.0322241 -0.0021775 0 0.0759706 -0.21347 
0.0441995 -0.0298604 -0.1147 -0.0417784 0.120216 0 0.00173105 0.0760455 0.0212159 -0.0685401 -0.10375 -0.0156502 -0.0507454 0 0.0991561 0.0327978 -0.00285705 0 0.0768864 -0.21433 
0.0444324 -0.0303908 -0.114655 -0.0428351 0.120807 0 0.00201198 0.0764992 0.0213576 -0.0692413 -0.104414 -0.016189 -0.0512912 -0.000572992 0.100127 0.0333878 -0.00349697 0 0.0778892 -0.215168 
0.0446552 -0.0308815 -0.114585 -0.0438931 0.121424 0 0.00224071 0.0769729 0.0215001 -0.0698939 -0.105086 -0.0166869 -0.0518248 -0.00138154 0.101092 0.0339743 -0.00411059 0 0.0789117 -0.215983 
0.0448712 -0.0313572 -0.114517 -0.0449191 0.122022 0 0.00246243 0.0774312 0.0216384 -0.0705267 -0.105737 -0.0171707 -0.0523424 -0.00216578 0.102027 0.034543 -0.00470464 0 0.0799032 -0.216773 
0.045081 -0.0318185 -0.114451 -0.0459141 0.122602 0 0.00267741 0.0778764 0.0217725 -0.0711413 -0.106369 -0.0176398 -0.0528443 -0.00292706 0.102935 0.0350945 -0.00528067 0 0.0808645 -0.217539 
0.0452841 -0.0322658 -0.114387 -0.0468788 0.123165 0 0.00288582 0.0783073 0.0219025 -0.0717354 -0.106981 -0.0180947 -0.053331 -0.00366453 0.103815 0.0356293 -0.0058393 0 0.0817969 -0.218281 
0.0454811 -0.0326995 -0.114325 -0.0478144 0.12371 0 0.00308795 0.0787256 0.0220286 -0.0723124 -0.107575 -0.0185358 -0.0538029 -0.00437961 0.104668 0.0361479 -0.00638098 0 0.082701 -0.219002 
0.0456722 -0.0331191 -0.114265 -0.0487214 0.124239 0 0.00328388 0.0791312 0.022151 -0.0728717 -0.108151 -0.0189635 -0.0542606 -0.00507311 0.105496 0.0366508 -0.00690616 0 0.0835778 -0.2197 
0.0458574 -0.033527 -0.114206 -0.0496 0.124753 0 0.00347386 0.0795249 0.0222696 -0.0734153 -0.108711 -0.0193783 -0.0547043 -0.00574546 0.106298 0.0371385 -0.00741552 0 0.0844278 -0.220377 
0.046037 -0.0339225 -0.114149 -0.050453 0.125251 0 0.00365709 0.0799063 0.0223845 -0.0739414 -0.109252 -0.0197804 -0.0551346 -0.00639729 0.107076 0.0376114 -0.00790943 0 0.0852523 -0.221034 
0.0462111 -0.0343061 -0.114094 -0.0512801 0.125733 0 0.00383685 0.0802761 0.022496 -0.0744516 -0.109778 -0.0201704 -0.0555518 -0.00702953 0.107831 0.0380699 -0.00838834 0 0.0860517 -0.221671 
0.04638 -0.0346779 -0.114041 -0.0520822 0.126201 0 0.00400904 0.0806347 0.0226041 -0.0749464 -0.110287 -0.0205486 -0.0559575 -0.00764263 0.108562 0.0385156 -0.00885279 0 0.0868268 -0.222288 
0.0465437 -0.0350386 -0.11399 -0.0528599 0.126655 0 0.00417709 0.0809824 0.022709 -0.0754261 -0.110781 -0.0209153 -0.0563498 -0.00823715 0.109272 0.0389468 -0.00930313 0 0.0875784 -0.222887 
0.0467025 -0.0353882 -0.11394 -0.0536141 0.127094 0 0.00434002 0.0813197 0.0228106 -0.0758914 -0.111259 -0.021271 -0.0567303 -0.00881365 0.10996 0.0393649 -0.00973987 0 0.0883074 -0.223468 
0.0468565 -0.0357273 -0.113891 -0.0543454 0.127521 0 0.00449804 0.0816467 0.0229092 -0.0763425 -0.111724 -0.0216158 -0.0570993 -0.00937269 0.110627 0.0397704 -0.0101633 0 0.0890142 -0.224031 
0.0470058 -0.0360561 -0.113844 -0.0550545 0.127934 0 0.0046512 0.0819637 0.0230048 -0.0767799 -0.112174 -0.0219502 -0.0574571 -0.00991479 0.111274 0.0401636 -0.010574 0 0.0896996 -0.224577 
0.0471506 -0.0363749 -0.113798 -0.0557422 0.128336 0 0.00479977 0.0822712 0.0230975 -0.0772041 -0.112611 -0.0222744 -0.057804 -0.0104405 0.111901 0.0405449 -0.0109722 0 0.0903642 -0.225106 
0.047291 -0.0366841 -0.113754 -0.056409 0.128724 0 0.00494382 0.0825693 0.0231874 -0.0776155 -0.113034 -0.0225888 -0.0581404 -0.0109502 0.11251 0.0409146 -0.0113584 0 0.0910086 -0.22562 
0.0474272 -0.0369838 -0.113711 -0.0570556 0.129101 0 0.00508319 0.0828575 0.0232746 -0.0780143 -0.113445 -0.0228937 -0.0584665 -0.0114445 0.113099 0.041273 -0.0117328 0 0.0916346 -0.226117 
