0.217
0.210424
0.204047
0.197864
0.191868
0.186053
0.180415
0.174948
0.169646
0.164505
0.15952
0.154686
0.149999
0.145453
0.141045
0.136771
0.132626
0.128607
0.12471
0.120931
0.117266
0.113712
0.110266
0.106925
0.103685
0.100543
0.0974957
0.0945412
0.0916762
0.0888981
0.0862041
0.0835918
0.0810586
0.0786022
0.0762203
0.0739105
0.0716707
0.0694988
0.0673927
0.0653504
0.0633701
0.0614497
0.0595875
0.0577818
0.0560308
0.0543328
0.0526863
0.0510897
0.0495415
0.0480402
0.0465844
0.0451727
0.0438038
0.0424763
0.0411891
0.0399409
0.0387306
0.0375569
0.0364188
0.0353151
0.0342449
0.0332072
0.0322009
0.031225
0.0302788
0.0293612
0.0284715
0.0276087
0.026772
0.0259607
0.025174
0.0244111
0.0236714
0.022954
0.0222584
0.0215839
0.0209298
0.0202956
0.0196805
0.0190841
0.0185058
0.017945
0.0174012
0.0168739
0.0163625
0.0158667
0.0153859
0.0149196
0.0144675
0.0140291
0.0136039
0.0131917
0.0127919
0.0124043
0.0120284
0.0116639
0.0113104
0.0109677
0.0106353
0.010313
