   1.5376671e+00   3.3805459e+00
   2.8338850e+00   1.7421865e+00
  -1.2588469e+00   1.0029869e+00
   1.8621733e+00   1.7107426e+00
   1.3187652e+00   2.5609029e+00
  -3.0768830e-01   5.5199846e-01
   5.6640798e-01   2.4313672e+00
   1.3426245e+00   3.1493977e+00
   4.5783969e+00   6.0538131e+00
   3.7694370e+00   3.1279172e+00
  -3.4988694e-01  -1.5037216e+00
   4.0349235e+00   2.4067902e+00
   1.7254042e+00   4.1546620e+00
   9.3694513e-01   5.5014443e-01
   1.7147429e+00   3.6285939e+00
   7.9503394e-01   2.0616194e+00
   8.7585565e-01   3.8384988e+00
   2.4896976e+00   1.5082193e-01
   2.4090345e+00   2.4429871e+00
   2.4171924e+00   1.1107668e+00
   1.6714971e+00   6.1826816e+00
  -2.0748692e-01   2.4879185e+00
   1.7172387e+00   4.1828278e+00
   2.6302353e+00   1.4152767e+00
   1.4888938e+00   1.6245267e+00
   2.0346930e+00   2.1569034e+00
   1.7268851e+00   3.8165218e+00
   6.9655908e-01   1.4806895e+00
   1.2938715e+00   3.0749878e+00
   2.1271720e-01  -1.1079392e+00
   1.8883956e+00   1.9760983e+00
  -1.4707011e-01   3.3696238e-01
  -6.8870458e-02  -6.2068557e-01
   1.9050131e-01   2.2672380e+00
  -1.9442842e+00   9.0088777e-01
   2.4383803e+00   2.7634799e+00
   1.3251905e+00   3.9830519e-01
   2.4507168e-01   3.1140679e+00
   2.3702985e+00   3.1483931e+00
  -7.1151642e-01   7.4861462e-01
   8.9775755e-01   1.9791591e+00
   7.5855296e-01   1.5326891e+00
   1.3192067e+00  -1.5570996e-01
   1.3128586e+00   1.7785486e+00
   1.3512008e-01   4.6776552e-01
   9.6994870e-01   6.8960617e-01
   8.3512098e-01   3.8778489e-01
   1.6277073e+00   1.6080239e+00
   2.0932657e+00  -1.0260523e-01
   2.1092733e+00   3.8301923e+00
   1.3634718e-01   2.2561484e+00
   1.0773591e+00   2.0121852e+00
  -2.1411704e-01   1.3469437e+00
  -1.1350074e-01   3.8737845e-01
   9.9315067e-01   3.3441693e+00
   2.5326303e+00   2.5900850e+00
   2.3033409e-01   6.6993248e-01
   1.3713788e+00   3.9734047e+00
   7.7441560e-01   1.5898636e+00
   2.1173561e+00   1.7794659e+00
  -8.9064295e-02   1.0668684e+00
   1.0325575e+00   8.9457775e-01
   1.5525270e+00   7.9447305e-01
   2.1006102e+00   5.8918886e+00
   2.5442119e+00   4.9621234e+00
   1.0859311e+00   2.4497963e+00
  -4.9159031e-01  -4.0880643e-01
   2.5769816e-01   4.8394249e-01
  -6.1581733e-02   1.2356765e+00
   3.3504572e+00   4.2221737e+00
   3.8439812e-01  -6.9877163e-02
   1.7480768e+00  -7.0808615e-01
   8.0758149e-01  -1.3184786e-02
   1.8886104e+00   2.8854986e+00
   2.3515076e-01   2.1352875e+00
  -4.0226897e-01   1.8963812e+00
  -4.2237593e-01   1.1164616e+00
   1.4881939e+00   2.4870948e+00
   8.2262484e-01   1.2814212e+00
   8.0394651e-01   3.0423207e+00
   2.4193102e+00   9.0830261e-01
   1.2915844e+00   2.7477397e+00
   1.1978111e+00   9.7616855e-01
   2.5876991e+00   2.3508358e+00
   1.9553404e-01   2.3290307e+00
   1.6966244e+00   3.7228999e+00
   1.8350882e+00   9.3904708e-01
   7.5628486e-01   3.5458371e+00
   1.2156701e+00   2.9811223e+00
  -1.6584393e-01   1.3273003e+00
  -1.4795278e-01   1.1677702e+00
   1.1048747e+00   1.7645712e+00
   1.7222540e+00   1.9601533e+00
   3.5854913e+00   3.3232321e+00
   3.3310933e-01   1.7344054e+00
   1.1873310e+00   3.1864439e+00
   9.1750557e-01   3.9787531e+00
  -9.3302292e-01   1.6511583e+00
   5.6103385e-01   1.5030923e+00
  -7.9467884e-01   1.9297097e+00
