 7.294356e-02  2.206851e+00  1.067622e+00  1.034359e+00  9.277363e-01 -6.411845e-01  1.321226e+00 -7.481992e-01  1.083604e+00  1.390872e+00 -2.751285e-01 -3.172469e-01  1.933086e-01 -7.163247e-01  5.238023e-01 -2.680226e-01  7.015081e-01  1.966400e+00  8.936302e-01 -1.186548e+00
-7.015782e-01 -2.833790e+00 -1.991815e+00 -7.270931e-01  1.404713e+00  1.265235e+00 -7.525840e-01 -3.834523e-01  3.346034e-01 -3.273736e-01  3.828725e-01 -2.425377e-01  1.567525e+00  1.369557e+00  6.305828e-01 -2.647260e-03 -4.463805e-01 -7.999839e-01  1.906140e+00  1.728325e-01
 8.457850e-01 -1.111300e+00  5.677033e-01 -8.945134e-01  3.782958e-01  2.529479e-01  3.135571e-01  6.418495e-03  4.815861e-01 -1.301981e+00 -1.356349e+00  7.103387e-01  3.932680e-01  6.073620e-01  3.530141e-01  1.058695e+00 -1.814885e+00  1.305109e+00 -3.787104e-01 -5.587313e-01
-3.150804e-01 -4.026783e-01  1.377521e+00  1.503893e-01  3.408118e-01 -1.665633e-01  1.430829e+00  1.910876e-01  6.108109e-01  1.180092e-01 -2.953530e-01 -7.564034e-02  7.734578e-02  6.343331e-01 -9.069422e-01  4.540536e-01 -7.377978e-01 -1.176284e+00  5.920819e-01 -7.118368e-01
-5.117658e-01  1.298553e+00  5.645631e-01  5.036469e-01 -9.314708e-02 -8.397817e-01 -4.001281e-01 -6.783560e-01 -8.354582e-01 -2.025263e+00 -1.861855e-01 -9.369025e-01 -7.787601e-01 -5.191755e-01 -9.312085e-01  3.508784e-02 -1.492977e+00  1.934841e+00  6.414170e-01  3.978091e-01
 7.333296e-02 -8.922842e-01  1.319194e+00  2.149575e-01  6.578836e-01 -6.699711e-01 -1.223248e-01  8.639500e-01 -1.531410e+00 -4.925397e-02 -4.738551e-01  3.702112e-01 -8.593773e-01  1.211691e+00  3.073283e-01  1.726345e-01 -8.040043e-01 -1.796389e-01 -2.849676e-01  1.073151e+00
 4.096106e-01  1.427672e-01  4.560226e-01 -1.100604e+00 -2.797244e+00 -1.257965e-01  7.876681e-01 -1.072581e+00  9.992603e-01  7.783784e-01  5.888476e-01  1.741372e+00 -4.759314e-01 -1.482020e-01  6.678913e-01 -7.136466e-01 -2.560754e-02  2.023719e+00  1.241574e+00 -3.818204e-01
-7.895498e-01 -9.217108e-01 -7.676031e-01  5.735251e-01  9.767803e-05  2.843319e-01  9.506227e-01  4.059241e-01  2.342130e-01 -2.423171e-01 -4.889530e-01 -7.465274e-01 -1.159067e+00 -1.542849e+00  1.489921e+00 -5.294028e-01  7.817045e-01  3.984838e-01 -8.531431e-01 -4.204459e-01
 5.026138e-02 -6.684657e-01 -1.883965e+00  2.062058e+00 -1.179316e+00 -1.274264e-01  1.359626e+00 -1.047185e+00 -1.586742e+00  1.036175e+00 -9.216524e-02  3.489591e+00 -8.143404e-01 -9.664431e-01  1.419444e+00 -5.468449e-01 -1.464584e+00 -2.327011e-01  1.106483e+00  8.858537e-01
 1.010706e+00 -1.117695e+00  1.241907e-01 -6.001505e-01 -7.770479e-01 -8.738553e-01  8.032335e-01  9.141639e-01 -1.833733e-02  3.910532e-01 -1.782276e+00 -5.168872e-01 -2.449739e-01 -4.937875e-01  1.117492e+00  1.455518e-01  6.165218e-01 -1.389371e-01  3.825069e-01 -1.064921e+00
-2.031053e-02 -1.143368e+00  1.662446e+00  1.675100e+00 -3.498037e-01  1.320625e+00  8.617533e-01 -2.617280e-01 -6.271149e-01  2.037686e+00  1.194969e+00  8.746482e-02 -1.570880e+00 -1.194334e+00  1.270779e+00  3.632630e-01  1.440467e+00 -1.767826e+00 -1.129851e+00 -9.931152e-01
-4.899879e-01  3.933893e-01  1.288455e+00  1.859589e-01 -1.637177e+00 -4.465461e-02  1.426285e+00  3.465502e-01  1.759285e-01 -5.611105e-01 -5.610741e-01  1.501358e+00 -1.691425e-01 -1.275950e-01  2.198824e+00  8.189731e-01 -5.311645e-01 -1.511014e-01  5.613562e-01 -7.524135e-01
 3.283182e-01  4.854228e-01  8.527608e-01 -1.035556e+00  1.545887e-01 -9.790509e-01 -2.087325e+00 -6.175940e-01 -1.589210e+00  7.074863e-01 -4.922668e-01  1.014963e+00 -7.420810e-02  1.504102e+00 -8.352001e-01  9.072845e-01  3.165356e-01 -6.115113e-01 -7.144862e-01 -1.542729e+00
 3.894922e-01  2.019055e+00 -8.152282e-01  1.241591e+00 -8.778547e-01  6.774343e-01 -2.739162e-01  1.977354e-01  7.193698e-01 -1.206128e+00  2.371321e-01 -1.925133e+00  2.675068e-01 -9.188514e-01 -6.725537e-02 -2.933054e-01 -5.780233e-01  1.584006e+00 -1.662349e+00 -5.908754e-01
 1.146001e+00  1.290662e+00 -9.662935e-01  3.674374e-01  9.331829e-02  4.772283e-01  9.741172e-01  3.744326e-01 -7.825807e-02 -4.472867e-01 -8.688081e-01  2.149618e-01 -8.318559e-01 -7.190723e-01 -3.511549e-01  8.853852e-01 -3.385209e-01  6.821098e-01 -1.164740e-01 -1.335570e+00
-6.035797e-01 -3.484449e-01 -1.515790e+00  7.412304e-01 -4.260143e-01  3.658481e-01  5.141847e-01  5.755026e-01 -8.518959e-03  3.297214e-01  1.792395e+00  3.012806e+00 -5.387444e-01  4.177492e-01  2.835876e-01  6.836732e-01  5.665865e-01 -2.812129e-01 -2.582009e-01  2.065860e-01
-8.466995e-01  1.293793e-01  8.123281e-01 -1.895638e+00  4.593661e-01 -1.047314e+00 -1.033013e+00 -2.386106e+00  5.724054e-02  1.208798e+00  7.308865e-01 -2.354549e-01 -2.116218e-01  2.774786e-01 -7.003284e-01 -3.380778e-01 -5.201810e-01  1.489971e+00  4.321396e-02  6.124124e-01
 1.338124e+00  7.749892e-01 -2.486440e-01 -2.783139e+00 -9.516064e-01  1.348358e+00 -1.551530e+00 -5.901343e-01 -1.114823e+00 -1.005472e+00 -1.010853e+00  3.150447e-01 -1.782733e-01  5.792302e-01 -4.449979e-01 -8.610762e-01 -2.973720e-01  2.664002e-01 -1.860385e+00  1.870726e+00
 2.295405e-01  7.390826e-01 -9.357959e-01  1.676708e+00 -8.984708e-01  3.767647e-01  1.125440e+00  3.890812e-01 -6.561954e-02  6.648508e-02  2.281228e+00  9.469969e-01  1.095005e+00 -2.212193e+00  6.888866e-01  1.042662e+00 -5.677009e-01 -3.696864e-01  9.588066e-01 -6.106461e-01
 2.151029e+00  4.209163e-01  8.373219e-01  8.437073e-01 -1.981298e-01 -5.643287e-01  2.306902e+00  2.785185e-01  1.134986e+00 -6.635374e-02  6.459810e-01 -8.695812e-01 -7.673391e-01 -6.302156e-01 -7.618975e-01 -1.589451e+00 -2.920705e-02  1.367706e+00  7.658427e-02 -1.364555e+00
-6.554600e-01 -4.049042e-01 -3.225064e-01  2.289305e+00 -1.369556e+00  9.974565e-02 -1.067336e+00 -6.027155e-01  1.630617e+00 -1.678843e+00  1.038265e+00 -2.467620e+00  3.280712e-01 -7.884954e-01 -3.265369e-02  3.647078e-01 -1.359771e+00  9.012867e-01  3.100473e-01 -6.963344e-01
-1.630315e-01  4.984165e-01  5.367861e-01 -9.804873e-01  8.200887e-01 -1.044112e-01 -1.085656e-01  1.833411e+00  1.661770e+00 -2.401208e-01 -8.625347e-01  7.859283e-01  2.585472e-01  1.129310e+00  1.534089e-01  1.965540e+00  1.975743e+00 -1.041503e-01  1.576334e+00  3.035388e-01
-1.017214e+00  1.080280e+00 -5.176995e-01 -1.197382e+00  1.642837e+00  1.754746e-01  3.849492e-01 -9.488835e-01  2.470618e-02 -7.893447e-01  4.120453e-01 -9.331092e-01  1.893113e+00 -6.115063e-01 -1.056378e+00 -5.448024e-01 -2.331524e+00 -2.203651e-02 -1.710522e-01 -7.449175e-02
-2.191635e+00 -4.542292e-01  2.356455e+00 -1.714103e-01 -6.564316e-03  2.542694e+00  8.394665e-01  1.963122e-01  6.122220e-01  2.038326e+00  1.036594e+00  5.634203e-01 -7.292193e-01  7.668837e-01  6.988624e-01  7.378953e-01 -3.133925e-01  1.127180e+00 -9.923005e-01  2.932564e-01
-3.988875e-01  1.323869e+00 -1.760767e+00 -8.812257e-02 -4.450980e-01 -1.067089e+00 -4.647981e-01 -1.087146e-02  3.368267e-01 -8.533917e-01 -1.768366e-01  9.324444e-01  1.095298e+00  9.392516e-01  1.808901e+00 -1.640777e-01 -1.198993e+00  4.588037e-01 -1.146703e+00 -8.926611e-01
-1.163552e-01 -5.180982e-01 -9.548801e-01 -7.132494e-01 -1.220846e+00 -1.418094e+00  2.098549e+00 -1.365735e+00  9.292745e-01  3.441161e-01  8.036085e-02  3.970453e-01  1.061091e-01  1.289181e+00 -2.354803e-01  9.450140e-01  1.091497e+00  3.256040e-02  3.737974e-02 -1.657320e+00
-1.794392e-01  9.076150e-02 -1.248875e+00 -1.011486e-01 -1.127275e+00  5.104860e-01 -2.009489e+00 -1.761285e-01 -1.854069e-02  3.550743e-02  9.110658e-01 -3.117311e-01  1.325059e+00 -7.858325e-01  3.333361e-01  5.716598e-01 -6.508978e-01  3.375218e-01  9.466492e-01  5.136545e-01
 6.091607e-02  1.122495e+00  6.315850e-01 -1.625857e-01 -1.412652e+00 -9.816401e-02 -4.410579e-02  8.112853e-01  2.112827e+00  9.712577e-02  2.320740e-01 -7.496420e-01  6.365849e-01 -2.007320e-01 -2.049721e-01 -3.678400e-01 -5.057783e-01  2.285628e+00 -1.372886e+00 -1.254997e-01
-1.426588e+00  5.848846e-01 -7.488799e-01 -2.338754e-01 -6.700428e-01 -3.598195e-01 -4.738316e-01 -1.573592e-01  1.133087e+00 -1.033706e-01 -9.591352e-01  1.376207e-01  8.435567e-01  1.374887e+00  1.354826e+00 -2.636615e-01  2.992388e-01 -1.265983e+00  9.726580e-01  3.018971e-01
 6.795167e-01 -3.929155e-01 -7.769189e-01 -5.368370e-01 -7.362235e-01 -3.452859e-02 -1.350380e+00 -1.041004e+00 -7.060856e-01 -3.385579e-01 -1.252295e+00  4.592479e-01  1.850962e-01 -1.732286e+00  1.112540e+00  1.194445e+00  7.961802e-01 -2.241436e-01 -9.278105e-01 -1.276996e-01
-1.732854e+00 -3.532214e-02  5.917516e-01  6.805722e-01  9.898881e-01 -2.192298e+00 -1.394293e+00  6.849074e-01 -7.517398e-01 -4.982260e-02  8.264179e-01  1.941171e-01  7.494583e-01  1.154855e+00  3.719833e-01  2.064891e+00 -5.086109e-01 -6.647749e-01 -2.113813e+00  1.225266e+00
-1.741998e-01  4.245955e-04  2.954514e-02 -3.879614e-01  1.393242e+00 -4.849160e-01  3.888806e-02  1.981635e+00 -5.136570e-01  1.565155e-01  1.426253e+00  1.167987e+00 -4.848454e-01 -1.687173e+00 -6.032589e-01  9.226946e-01  5.685214e-01  7.170596e-01 -2.831814e-01 -4.773362e-01
-7.196954e-01 -1.042698e+00 -3.253381e-01  5.021216e-01  5.424000e-01 -2.225002e+00 -7.362023e-01  6.406468e-01 -1.061738e+00  1.284309e+00 -6.683272e-01  1.267304e-01 -4.874910e-01  3.103344e+00 -1.139242e+00 -6.129223e-01  1.851979e-01 -2.106562e-01  1.198708e+00  4.102701e-01
-1.615751e+00 -5.458790e-01 -3.925278e-01  1.028801e+00  1.929944e-01 -1.706630e+00 -3.655389e-01  7.110907e-01 -1.052408e+00 -3.090604e-01  3.514906e-01  6.668563e-02 -4.323257e-01  2.130518e-01 -1.680857e-01 -1.193058e+00  1.054589e-01  7.101946e-01  2.414187e+00  2.596327e+00
 6.032707e-01 -1.809484e-01  6.692958e-01 -1.140893e+00  4.913537e-01 -7.020882e-01  1.645745e+00  2.401544e+00 -1.607952e-01 -2.619111e-02  1.458357e+00  1.849651e-01  4.168231e-01  5.094173e-01 -8.813871e-01  7.607109e-01  2.113501e-01  1.147568e+00 -1.035501e+00 -7.793971e-01
-2.016823e-01 -3.156516e-01 -8.132526e-01  6.644554e-01  1.902766e-01  2.627090e-01 -8.698993e-01 -1.967530e+00 -1.732827e+00  5.723204e-01 -2.869119e-01  5.191825e-01  3.469475e-01  1.636487e+00 -1.129457e+00  1.381643e+00  9.597248e-01  4.105888e-01 -7.047756e-01  1.139917e-02
 4.409560e-01 -1.965455e+00  1.722171e+00  6.185250e-01  3.690373e-01  1.294290e+00 -2.250491e+00 -2.022010e-01 -1.532236e+00 -5.007850e-01 -4.536240e-01 -1.058762e+00  1.529344e+00 -2.576388e+00  2.836166e-01 -5.147422e-01 -1.895856e-02 -1.344023e+00 -1.760238e-01  1.852642e+00
 2.278416e+00 -1.498801e+00 -4.099077e-01  1.114169e+00 -1.112427e+00  1.292729e+00  1.343424e+00  1.384126e-02  3.214433e-01 -1.107158e-01 -1.319202e+00  1.380923e+00 -1.883430e+00 -2.775965e-01  1.064098e+00  1.239165e+00 -1.713891e-01 -1.104327e+00  1.321711e+00 -5.124800e-01
-1.019912e-01 -4.164374e-01 -2.519511e-01 -7.555804e-01 -2.027622e-01 -6.792848e-01 -6.411702e-01 -3.056137e-01  7.031422e-01  6.985109e-01 -1.271121e+00  9.374440e-01  3.157102e-01 -8.340793e-01  1.334784e+00  3.923069e-01  2.017649e-01  1.236739e-02 -1.791356e+00 -8.675305e-01
-4.949430e-01  1.008784e+00 -6.282136e-01 -3.072059e-01  1.935804e+00  8.053396e-01  3.542061e-02 -1.032758e+00 -1.573774e-01  2.946982e-01  7.097623e-01 -4.644515e-01 -1.014447e+00  2.859224e-01 -9.940196e-03 -1.206445e+00 -1.580094e+00 -7.167435e-01 -5.115168e-02  7.944555e-01
 2.369433e-01 -5.589286e-01  1.086843e-01  2.253199e+00  1.209879e+00  1.029065e+00  1.395373e+00 -4.076223e-01 -7.756495e-01  6.953114e-01 -5.925789e-01 -1.703805e+00 -2.395212e-01 -4.295369e-01  1.716355e-01 -2.168381e+00  4.330060e-02 -5.806276e-01 -8.764462e-02 -6.001586e-01
 1.376024e+00 -8.976299e-01 -1.336464e-01  7.532062e-01  2.757082e+00  2.050974e+00  4.491153e-01 -3.955493e-01  6.710108e-01 -5.699138e-01  5.888707e-01 -1.587601e+00  1.576284e-01  1.221405e+00  4.126973e-01  1.116282e-01 -5.279948e-01 -2.072059e-01  1.109708e-01  7.991723e-01
 1.263907e+00  7.713827e-01 -8.475868e-02 -1.328422e+00  4.314862e-01 -1.384193e-01 -1.457353e-01  1.451261e+00  3.406622e-01  1.295834e+00 -3.479639e-01 -3.872354e-02  5.977217e-01  1.558866e+00  2.208311e-01  1.751985e+00 -1.828097e+00  7.432242e-01 -5.141338e-01  2.864683e-01
 4.580265e-01 -5.903981e-01  6.100085e-01 -2.216965e-01  8.158832e-01  2.188581e+00 -1.137874e+00  1.487322e-01  3.101017e-01 -8.095317e-01  1.553476e+00 -9.007040e-01  2.558953e-01  4.868001e-01 -6.508184e-01 -2.297990e-01  2.008606e-01 -2.513404e-01  6.400014e-01  9.521255e-01
-1.273281e+00 -5.981056e-01 -6.422427e-02 -1.165358e+00 -1.700905e+00 -6.397302e-01 -1.025773e-01 -1.496353e+00 -6.331154e-01  1.360782e+00 -8.675276e-01 -1.970548e-01  2.145879e+00 -1.921466e-01 -1.160911e+00  5.161316e-01  4.986377e-01  2.045377e+00  2.557409e+00 -1.444370e+00
-2.172810e-01  2.430952e-01  1.490680e+00  9.222677e-01 -9.052715e-01  6.127775e-01  1.481979e+00  2.034934e+00  3.623415e-02  1.489445e+00 -7.787112e-01 -5.456896e-01  1.345587e+00  1.619654e+00  7.658369e-01  3.434588e-01 -1.990910e-01  3.957848e-02  7.039515e-01  9.595774e-01
-2.416107e-01  4.008427e-01  7.109985e-01 -1.684581e+00  1.286537e-01  6.925068e-01 -2.003062e-01 -5.904422e-01 -1.300231e+00 -3.536522e-01  1.481005e+00  1.585419e+00 -9.121466e-01  3.758504e-01 -1.223360e-01 -7.333606e-01 -1.216277e+00 -8.617688e-01 -1.156901e+00  1.251283e+00
 1.391197e-02  1.651107e+00  4.817814e-02 -1.214142e+00  7.657907e-01 -1.432385e+00  2.666665e-01 -1.632222e-02 -3.363748e-01  3.181673e-01  2.666396e+00  3.728910e-01  9.775028e-01  2.094420e-01  9.128829e-01 -1.854624e-01 -1.375459e+00  6.568265e-02  1.467387e+00  2.530291e+00
-1.382585e+00  1.709507e+00  5.754888e-01  1.113372e+00 -6.977509e-01  1.695321e+00 -9.749380e-01  9.954217e-01 -1.836119e-01  2.054244e-02 -5.791249e-01  5.258333e-01  4.474496e-01  3.431802e-01  1.591942e-01 -1.108653e+00 -1.104349e+00  1.304783e+00 -5.276972e-01 -2.453684e-01
-6.237228e-01 -1.826032e-01  1.157884e+00 -1.860871e-01  7.207116e-04  1.898671e-02  1.062267e+00 -1.718498e-01  2.139328e+00  4.840351e-01  1.222142e+00  3.992597e-01  3.145590e+00 -2.822954e-01 -1.341068e+00  9.706877e-01  3.962884e-01  9.774449e-01 -6.312656e-02 -1.031390e+00
-5.144238e-01 -6.210198e-01  4.510375e-01 -1.897007e+00 -6.727462e-01 -9.833524e-01 -5.027110e-01 -3.040434e-01  1.350308e+00 -4.765116e-01 -7.879443e-01 -3.628403e-01 -7.960670e-01 -1.999079e+00 -5.048439e-02 -2.300030e-01 -1.606532e+00 -2.091915e+00 -1.465230e+00  3.537810e-01
 7.866918e-01 -3.549265e-01  1.591522e+00  3.333469e-01 -4.827496e-01 -5.352521e-01  5.623442e-01  7.768303e-01  1.464174e+00 -6.757152e-01  5.200412e-01 -1.991901e-02 -1.108291e+00 -1.406645e-01 -1.966117e+00 -1.606930e-01  1.109418e+00  1.035338e+00  1.184639e+00 -8.648172e-01
 1.233805e+00  8.949292e-01  9.456496e-01 -4.290570e-01 -5.936399e-01 -1.259882e+00  1.322316e+00 -1.094532e+00  9.100129e-01  2.427157e-01 -1.676502e+00  1.398928e+00  1.061003e+00 -7.984712e-01 -1.549037e+00  1.528888e+00  6.211374e-02 -1.234699e+00  1.210437e-01  1.649795e+00
-7.874230e-01  1.467500e+00 -1.796900e-01  1.204642e+00  1.172764e+00 -8.218004e-01 -2.853439e-01 -3.233970e-01 -1.313627e+00 -1.031712e+00 -1.064082e+00 -6.049966e-01 -1.021436e+00 -9.784913e-01  3.534075e-01  2.487710e-01 -5.565166e-02  1.386984e+00 -1.742353e+00  1.047538e+00
 7.723515e-01  1.334874e+00 -2.500308e-01  1.657647e+00 -5.686744e-01  5.735747e-02  1.134837e+00 -4.212733e-01 -5.879761e-01 -7.009263e-01  3.425689e-01 -6.849164e-01 -4.849761e-01  1.122226e-01  4.371000e-01 -8.236255e-02  1.667094e+00 -8.215052e-01 -3.868022e-01 -6.932879e-01
-1.630123e-01  5.178528e-01 -1.803218e-01 -2.520679e-01 -1.421285e-01  4.804210e-01 -2.002734e+00 -8.532707e-01 -1.088243e-02 -1.325288e+00  4.440978e-01  5.274317e-01  7.182210e-01 -5.625125e-01 -7.238341e-01 -1.546334e+00 -8.140528e-02 -1.060447e-01 -8.301706e-01 -4.147989e-01
-1.149536e+00 -3.482352e-01  3.223754e-01  3.796732e-01  5.893851e-01 -2.387747e-01  8.790694e-01  1.770951e+00 -1.107757e+00  1.102423e+00 -5.963552e-01  4.786289e-01 -1.225145e+00 -1.120122e+00 -7.073194e-01 -9.182731e-01 -2.693852e-01  4.655423e-01  4.412985e-01 -7.205742e-01
-1.269186e+00 -7.534937e-01 -8.186390e-01 -1.348483e+00 -1.601667e+00 -6.996877e-01 -1.043484e+00  4.250568e-01  1.899195e+00 -2.611966e+00 -1.482966e+00  8.857357e-01 -3.605371e-01  8.384813e-02 -9.825629e-01 -1.702909e-01  3.794306e-01 -1.165806e+00  6.833877e-02  1.891443e+00
 1.390825e+00 -4.259859e-02  2.087660e+00 -1.670147e+00  3.128313e-01 -3.949740e-01 -3.503841e-01 -6.067904e-01  2.299858e-01  1.525820e+00  2.130631e-01  3.881472e-01 -6.708516e-01  1.057152e-01 -1.131468e+00 -1.493168e+00  2.445882e-01 -1.616141e+00 -1.277509e+00 -5.573437e-01
-1.499800e-01 -1.212141e+00  8.978168e-01 -6.179484e-01  1.181083e-01 -4.401758e-02  1.463527e+00  5.527099e-02 -2.035241e+00  1.014982e+00 -8.105035e-01  2.930940e-01 -7.921858e-01 -2.485818e-03 -3.932768e-01 -6.859436e-01  3.281292e-01 -4.467614e-01 -4.463401e-01  6.554389e-01
-4.413683e-01  9.119186e-01 -7.035293e-01 -5.779866e-01 -3.678716e-01  1.788430e-01  9.234583e-01 -1.269037e+00  6.293775e-01  1.268594e-01  2.458153e-01 -2.065322e+00 -2.334818e-01  4.146944e-01  9.467529e-01  5.723298e-01  5.862548e-01 -4.150240e-01  2.966888e-01 -1.325947e+00
-3.055708e-01  1.651613e+00  3.751192e-01  6.261855e-01  7.725928e-01  3.009592e-01 -4.456102e-01  8.294256e-01 -2.076606e-01 -7.769564e-01  1.089447e+00  6.256469e-01  7.119033e-01  1.608387e-01 -3.770965e-01  3.414251e-01  6.726017e-01 -1.326058e-01  2.290580e-01 -3.753856e-02
-4.500384e-01  9.010158e-01  5.956481e-01  4.988636e-01  4.839439e-01 -6.759240e-01 -1.014854e+00  3.506797e-01 -3.889173e-01 -1.584215e+00 -1.970987e+00  3.601052e-02  5.048491e-01  1.155413e+00 -5.934101e-01 -1.280846e+00 -2.743539e-02 -8.318956e-01  1.263563e+00  1.669207e+00
-8.978562e-01  9.515315e-02 -6.637692e-01 -9.489460e-01  1.148866e+00  7.104333e-01  9.965264e-01 -1.203803e+00 -1.810306e+00  6.536919e-01  3.334249e-01  4.548837e-01 -1.580438e+00 -8.775234e-01 -6.313993e-01 -4.221165e-01  2.902181e-02  4.628027e-01 -8.183418e-01  8.181624e-02
 7.531810e-02 -4.191617e-01 -2.017679e+00  1.151288e+00  7.573789e-01 -2.392360e-02 -6.336090e-01  9.028353e-01 -9.094520e-02  1.593436e-01 -6.749247e-01 -1.256213e+00 -5.586579e-01 -7.971908e-01 -1.062432e+00 -1.071781e+00 -3.625412e-02 -1.140117e+00  8.475055e-01 -9.098307e-01
-3.532158e-01 -1.894609e+00 -9.980718e-01 -3.675342e-01  1.173052e+00  6.682322e-01  1.152610e-01  7.763002e-01 -3.123402e-02  5.732552e-01  1.266580e+00 -1.799868e+00 -1.437197e+00 -1.065207e+00 -2.471502e-01 -3.046166e-01 -6.576714e-02 -2.237401e+00  5.146321e-01 -7.827647e-01
-1.373836e+00 -1.447512e-01 -1.489621e+00  5.698409e-01  6.429560e-02 -9.864561e-01 -6.475779e-01 -2.413726e-02 -1.493729e-01  2.033646e-01  9.930488e-01 -7.703490e-01  4.208525e-01 -2.888805e-01 -1.079594e+00 -4.394065e-01  1.568322e-01  1.130622e+00  6.012830e-01  1.508372e-01
 2.125391e+00 -4.529888e-01  1.113000e+00  6.148025e-01 -3.490417e-01  4.859774e-01  1.403630e-01 -1.955752e-01 -1.281388e+00  4.837602e-01 -1.068013e+00 -7.616815e-01  2.369600e-01  7.944192e-01  3.019220e-01 -7.368571e-01 -1.955057e+00 -3.969560e-01 -3.908626e-01  7.742117e-01
 1.662992e-02 -2.746532e-01 -2.740865e+00 -1.283103e+00  9.876610e-01  1.109731e+00 -2.298395e-02 -3.595177e-01  6.971690e-01 -2.179842e+00  1.151244e+00 -3.669081e-01 -7.622409e-01 -5.009137e-01  4.580882e-01  1.669513e+00 -1.228096e+00  3.227408e-01 -7.198149e-01  4.599237e-02
-1.886108e-01 -1.964201e-01  8.976880e-01  4.754566e-01 -1.568105e+00  1.352216e+00  9.761039e-01 -3.609193e-01  8.131629e-01 -9.763758e-01 -8.808921e-01  3.622805e-01  1.060832e+00 -2.094123e-01  9.248048e-01 -2.086569e+00  3.056143e+00  5.023450e-01 -3.439393e-01 -1.180560e+00
-1.190774e+00  1.215310e+00 -1.550104e-01  7.218073e-01 -8.962599e-01  8.689282e-01 -3.864716e-01  1.995174e+00 -6.025460e-01  4.437618e-01 -1.234173e+00 -1.574240e+00  2.580754e-01  7.613584e-01  8.717420e-01 -5.179966e-01  6.278827e-01 -1.864984e-02  8.087551e-01 -5.526018e-01
 1.819732e+00 -2.715656e-01  3.777789e-01  5.640989e-01 -4.559673e-02 -2.023551e-01 -7.895526e-01 -4.693978e-01  5.878169e-01  1.663005e+00 -3.829440e-01 -9.348944e-01 -3.555413e-03  1.425798e+00 -5.561324e-01  1.367591e+00  1.237033e+00 -1.596093e+00 -3.283644e-01 -1.844058e+00
 7.644251e-01 -1.281259e+00  6.863775e-01 -7.842373e-01 -1.124552e+00 -5.499349e-01 -2.772525e-01 -2.170586e+00  8.236605e-01  9.914599e-01  1.509285e+00 -8.376396e-01 -1.595872e+00 -1.532848e-01 -1.628103e+00 -6.232659e-01 -4.325390e-01  8.103001e-01  5.628253e-01  9.314636e-01
-4.321630e-01 -1.299716e-01  8.060071e-01  7.439423e-01 -1.568462e+00 -1.856351e+00 -9.159531e-01 -1.964351e+00 -1.497242e+00  3.018553e-01 -7.147804e-01  4.215810e-01  2.182669e+00 -3.112589e-01 -1.053274e+00  1.223797e+00  1.041053e+00 -8.846547e-01 -8.003441e-01 -7.819706e-02
-1.024470e+00  2.941767e-01 -9.409350e-01 -6.269786e-01 -1.120580e-01 -9.211232e-01 -1.019103e+00  5.638709e-01  5.306370e-01  3.071327e+00 -3.194464e-01 -1.455617e+00  5.516962e-01 -8.616488e-01 -1.234277e+00 -9.734806e-01 -1.367640e-01 -7.741613e-01  5.097749e-01  1.696324e-01
 3.835911e-01  1.296172e+00  2.009590e-01 -1.490062e+00  1.253447e+00  9.503121e-01  3.618106e-01 -9.823743e-01 -6.114280e-01 -1.656707e+00 -4.188037e-01  3.068256e-01  4.939350e-01 -2.593426e-01 -2.539476e+00  5.557148e-01 -1.227568e-01  1.644370e-01  2.032807e+00  6.384015e-01
-1.407900e+00  1.204589e+00  2.019866e+00 -3.604335e-01 -1.454308e+00  7.122099e-01  9.279289e-01  5.695915e-01 -4.894940e-01 -7.706693e-01  2.088883e-01 -2.504078e-01 -4.734977e-01  1.284728e+00 -2.949872e-01  1.885420e+00 -6.061463e-01  9.016256e-02 -5.044126e-01 -2.619534e-01
 6.016671e-01 -5.799144e-01 -6.009342e-01 -9.686997e-01 -2.877288e-01 -1.591769e-01 -1.305228e+00  3.743332e-01  1.040997e+00 -1.426711e+00 -7.351576e-01  2.429713e-01  1.041800e+00  1.356305e+00 -4.864766e-01  1.155337e+00  5.685606e-02  3.889416e-01 -8.926259e-02  1.247996e+00
 1.117125e+00  5.603407e-01 -7.224551e-01 -7.338119e-01 -2.601920e-01 -5.925131e-02 -1.323677e+00 -7.585214e-01 -2.355618e-01 -2.336107e-02 -8.655349e-01 -2.896079e-01  7.148814e-01 -2.868982e-01 -9.295711e-01  6.331768e-01 -1.140981e+00  6.298335e-01  1.072797e-01 -5.143982e-01
 7.383793e-01 -1.211772e+00 -3.959326e-02  1.256419e+00 -3.806816e-01 -3.211127e-01 -1.220173e+00  1.255158e+00 -1.559064e+00  6.193835e-02  1.549723e+00 -3.707799e-01 -5.416378e-01  9.135030e-01 -2.443760e-01  4.642775e-01  1.635599e+00  8.393061e-01  1.448379e+00  6.099611e-01
-7.076219e-01  4.681186e-01 -4.097749e-01 -1.713987e-01  2.256523e-02 -7.059412e-02  4.708102e-02  5.620543e-02  6.135202e-03 -9.583710e-01  3.057881e-01  2.253810e-01 -1.262266e+00  6.942066e-01 -1.064347e+00  1.825060e-01  2.428315e+00 -1.084897e-01 -1.338639e+00  9.313059e-02
 3.446078e-01 -7.999601e-01  6.937059e-01  1.278946e+00  9.156542e-01  1.341887e+00  8.144190e-01  5.056451e-01  5.684390e-01  1.910946e-02  2.168610e-01  7.377171e-01  8.244903e-01  4.776435e-01  3.473954e-01 -5.204516e-01  1.240495e+00  1.127264e-01  1.841538e+00  9.294830e-01
-2.163045e+00  1.870827e+00  3.250347e-01 -4.683628e-01 -8.382446e-01  4.502358e-01 -9.160631e-01 -8.429424e-01 -5.856712e-01 -6.292385e-01  4.656557e-01  4.788227e-02  4.089678e-01 -8.526874e-01  2.218664e+00  4.161409e-01 -1.516121e-01  1.320616e-01 -4.617536e-01  2.258911e+00
-7.010825e-01 -4.195205e-01 -1.565149e+00 -8.269563e-01 -6.139861e-01  2.234396e-01 -1.268037e+00  4.107531e-01 -5.670137e-01 -3.114407e-01 -1.811456e+00  1.095354e+00  6.518856e-01  1.633768e+00  6.571750e-01 -1.424933e+00 -8.549153e-01  1.744164e-01 -8.947265e-01 -8.696920e-01
-8.887377e-01 -9.143250e-02  3.345679e-01 -1.010745e-01  4.070900e-01 -1.707100e+00  1.991838e-01  2.687870e-01 -6.028209e-01 -9.151704e-01 -3.930637e-01  1.607675e+00  1.190282e+00 -8.925400e-01 -1.536149e+00  1.635346e+00  1.548498e+00 -7.484293e-01  7.798131e-01 -1.040043e+00
 1.841583e+00  1.686670e+00 -3.582770e-02  2.048568e-01  6.143510e-01  1.020635e-01  9.750610e-01 -9.700709e-01 -1.931033e+00 -5.123259e-01  1.309742e+00  7.645310e-01 -1.727542e+00 -7.173134e-02  5.731274e-01 -4.210448e-01  9.250966e-01  9.777152e-01  1.408624e+00 -1.294552e+00
 1.653457e+00 -1.412812e+00  2.769378e-01  9.655300e-01  1.199949e+00 -2.079709e+00  1.228688e+00 -6.664828e-01  8.774367e-01 -5.615032e-01 -3.116544e-01 -1.435935e+00 -8.954585e-01 -5.541212e-01  2.069833e+00  1.714741e+00  1.441183e-01 -1.230765e+00 -7.067456e-01 -9.210074e-03
 2.559890e+00 -1.757766e+00 -1.322948e+00  9.281457e-01  1.283424e-01 -6.694123e-01 -1.857083e+00  1.486081e+00  1.197525e+00  7.357461e-01 -1.760655e+00 -5.371528e-01 -9.947162e-01  6.128299e-01 -3.399505e-01 -2.338461e-01 -9.047604e-01 -6.303244e-01  1.211423e+00  1.778235e+00
-1.128551e+00 -1.789988e+00 -9.037523e-02 -6.529980e-01  1.446324e+00 -3.313629e-01  3.438140e-01 -4.952426e-02  1.704627e+00  1.506229e-01 -9.896783e-01 -5.772145e-01  1.617745e+00  1.378239e-01  3.057949e-01 -5.970907e-01 -1.223537e+00  4.934348e-01 -7.524110e-01  6.067730e-01
 6.767683e-01 -1.542635e-01  1.650387e+00  7.389153e-02  1.411174e+00 -1.249154e+00  3.725019e-01 -1.261576e+00  3.851154e-01  1.667215e+00 -5.974955e-01  1.396649e+00 -1.999232e-01  2.473718e-01  4.832419e-01 -2.388418e+00  1.583084e+00  5.619308e-01 -1.697207e+00  4.101234e-01
-2.049299e-02 -7.024732e-01  6.526295e-03  5.504375e-01 -2.075624e+00  1.236496e+00 -3.086990e-01 -2.579564e+00  7.721821e-01 -1.853858e+00  2.595743e-01 -1.929376e-01  1.829873e+00 -1.868910e+00 -1.404128e-01 -7.942619e-01  1.087323e+00 -2.080502e+00 -6.769441e-02 -1.577384e+00
 1.551970e+00  1.858081e-01  2.510944e-01  8.892062e-01 -6.439259e-02  1.503406e+00 -5.198818e-01 -1.663095e-01  2.065912e-02  9.458174e-01  7.222498e-01 -1.160023e+00 -7.251079e-01 -4.441876e-01  4.499859e-01 -1.308651e+00 -2.740573e-01 -2.145398e+00 -3.791086e-01  8.807446e-01
 5.056180e-01 -1.243771e+00 -3.389902e-01 -7.407096e-01 -3.859502e-01  1.358777e+00 -9.624124e-01  1.163494e+00  1.044398e+00 -1.442467e+00 -2.876065e-01  5.063680e-01  8.095313e-01 -1.567157e+00 -1.172768e+00  1.531972e-01  1.676846e+00 -4.364860e-01 -1.427575e+00 -2.536859e-01
 1.160383e+00 -8.700575e-02 -1.087988e+00  1.194589e+00  9.788760e-02  2.088931e+00 -3.449390e-01  6.091409e-01 -2.308964e+00 -1.745648e-01  1.681116e+00  2.162937e-01 -1.243418e+00  2.173113e-01  6.434897e-01 -2.353361e+00 -3.450753e-01 -1.486791e+00  3.454188e-01 -1.073175e+00
-7.064273e-01 -3.662575e-01 -2.488069e-01  4.195678e-02  1.073659e+00  3.053605e-01  2.119139e-01 -1.197479e-01  2.430264e-01  9.331867e-01 -1.118489e+00 -1.772832e-04 -1.144116e+00 -5.994474e-01 -1.978471e-01  1.839501e-01 -5.043797e-01  2.923851e-01 -3.266556e-01  2.168366e-01
 1.785791e+00  3.342965e-02 -1.807931e+00 -1.240207e+00  1.309684e+00 -3.953102e-01  1.751002e-01  1.776448e+00 -1.548741e+00  1.055878e+00  1.924603e-01 -1.603088e+00 -1.852425e-01 -7.909255e-01 -7.784603e-02  7.968244e-01 -8.480288e-02 -1.785499e-01 -3.394349e-01  6.221527e-01
-9.131789e-01 -1.092801e+00 -9.781250e-01  3.992063e-02  7.303072e-01 -1.639792e+00  1.117959e+00  1.384083e+00  1.273427e+00  3.806201e-01 -6.431270e-01 -6.710917e-01 -2.152098e+00 -3.255874e-01 -1.376114e+00  1.262773e-01 -3.273389e-01  1.098565e+00 -8.211687e-01 -7.951212e-01
-5.987652e-01  3.482734e-01  2.987600e-01  1.200002e+00 -1.269300e+00  7.269585e-01  6.700979e-01  1.405325e+00  9.674524e-01  1.035536e+00  1.417800e+00  9.191452e-02  8.661041e-01 -2.532903e-01  1.986362e+00  6.776106e-01 -4.912617e-01  6.680961e-01 -7.707471e-01  9.336089e-01
-3.394496e-01  1.166939e+00 -1.102056e+00 -1.203855e+00  2.383468e+00 -1.155453e+00 -3.341226e-02  9.433883e-01  1.126234e+00 -6.676937e-01  1.482256e+00 -7.418533e-01 -1.236081e+00  1.678487e+00  9.998451e-01 -1.838065e+00  2.267876e+00 -1.278757e+00  6.128117e-01 -1.546076e+00
 1.104442e-01  1.653847e+00  6.734401e-01 -3.777217e-04 -1.518636e-01  5.403973e-01 -2.210698e-01 -4.111952e-01 -3.124429e-02 -5.840751e-01  1.267752e-01  8.962975e-01 -5.835095e-01  9.335057e-01  2.962543e+00 -2.748548e-01 -2.831970e-01  4.253036e-01  6.035475e-01 -7.046558e-01
