   3.5845728e-01
   1.4791982e+00
  -2.0594754e+00
   6.3903307e-01
   1.6918948e-01
  -1.2370809e+00
  -4.8131650e-01
   1.8981880e-01
   2.9875448e+00
   2.2880987e+00
  -1.2735669e+00
   2.5176447e+00
   5.2077925e-01
  -1.6094125e-01
   5.1156123e-01
  -2.8364105e-01
  -2.1376067e-01
   1.1816056e+00
   1.1118623e+00
   1.1189158e+00
   4.7416989e-01
  -1.1504445e+00
   5.1371916e-01
   1.3031178e+00
   3.1628672e-01
   7.8819771e-01
   5.2205967e-01
  -3.6878476e-01
   1.4766579e-01
  -7.8712598e-01
   6.6170550e-01
  -1.0982066e+00
  -1.0305934e+00
  -8.0633436e-01
  -2.6521207e+00
   1.1372354e+00
   1.7474495e-01
  -7.5915153e-01
   1.0783703e+00
  -1.5862404e+00
  -1.9482377e-01
  -3.1518338e-01
   1.6957121e-01
   1.6408249e-01
  -8.5421829e-01
  -1.3240558e-01
  -2.4898084e-01
   4.3630818e-01
   8.3884106e-01
   8.5268162e-01
  -8.5315732e-01
  -3.9535993e-02
  -1.1561770e+00
  -1.0691818e+00
  -1.1234460e-01
   1.2187262e+00
  -7.7189400e-01
   2.1468045e-01
  -3.0146816e-01
   8.5967020e-01
  -1.0480534e+00
  -7.8272523e-02
   3.7130550e-01
   8.4519130e-01
   1.2287399e+00
  -3.2124437e-02
  -1.3960870e+00
  -7.4823437e-01
  -1.0242914e+00
   1.9258388e+00
  -6.3868657e-01
   5.4038252e-01
  -2.7279214e-01
   6.6189122e-01
  -7.6772939e-01
  -1.3188577e+00
  -1.3362427e+00
   3.1568157e-01
  -2.5978530e-01
  -2.7593503e-01
   1.1207469e+00
   1.4568831e-01
   6.4609677e-02
   1.2663400e+00
  -8.0198295e-01
   4.9589555e-01
   6.1561465e-01
  -3.1714443e-01
   8.0050994e-02
  -1.1144390e+00
  -1.0989699e+00
  -1.5745349e-02
   5.1805551e-01
   2.1290549e+00
  -6.8303207e-01
   5.5548333e-02
  -1.7774916e-01
  -1.7777602e+00
  -4.8596310e-01
  -1.6581447e+00
