   7.2943551e-02   2.2068510e+00   1.0676220e+00   1.0343590e+00   9.2773630e-01  -6.4118452e-01   1.3212260e+00  -7.4819921e-01   1.0836040e+00   1.3908720e+00  -2.7512846e-01  -3.1724692e-01   1.9330860e-01  -7.1632469e-01   5.2380231e-01  -2.6802261e-01   7.0150811e-01   1.9664000e+00   8.9363024e-01  -1.1865480e+00
  -7.0157821e-01  -2.8337900e+00  -1.9918150e+00  -7.2709306e-01   1.4047130e+00   1.2652350e+00  -7.5258400e-01  -3.8345231e-01   3.3460342e-01  -3.2737360e-01   3.8287254e-01  -2.4253772e-01   1.5675250e+00   1.3695570e+00   6.3058281e-01  -2.6472733e-03  -4.4638049e-01  -7.9998389e-01   1.9061400e+00   1.7283253e-01
   8.4578499e-01  -1.1113000e+00   5.6770329e-01  -8.9451336e-01   3.7829580e-01   2.5294788e-01   3.1355710e-01   6.4184823e-03   4.8158612e-01  -1.3019810e+00  -1.3563490e+00   7.1033868e-01   3.9326800e-01   6.0736201e-01   3.5301411e-01   1.0586950e+00  -1.8148850e+00   1.3051090e+00  -3.7871036e-01  -5.5873127e-01
  -3.1508041e-01  -4.0267831e-01   1.3775210e+00   1.5038934e-01   3.4081180e-01  -1.6656332e-01   1.4308290e+00   1.9108759e-01   6.1081092e-01   1.1800920e-01  -2.9535296e-01  -7.5640363e-02   7.7345779e-02   6.3433311e-01  -9.0694219e-01   4.5405359e-01  -7.3779779e-01  -1.1762840e+00   5.9208194e-01  -7.1183677e-01
  -5.1176581e-01   1.2985530e+00   5.6456309e-01   5.0364694e-01  -9.3147082e-02  -8.3978172e-01  -4.0012810e-01  -6.7835601e-01  -8.3545818e-01  -2.0252630e+00  -1.8618546e-01  -9.3690252e-01  -7.7876010e-01  -5.1917549e-01  -9.3120849e-01   3.5087827e-02  -1.4929770e+00   1.9348410e+00   6.4141704e-01   3.9780913e-01
   7.3332951e-02  -8.9228421e-01   1.3191940e+00   2.1495754e-01   6.5788360e-01  -6.6997112e-01  -1.2232480e-01   8.6394999e-01  -1.5314100e+00  -4.9253968e-02  -4.7385506e-01   3.7021118e-01  -8.5937730e-01   1.2116910e+00   3.0732831e-01   1.7263449e-01  -8.0400429e-01  -1.7963889e-01  -2.8496756e-01   1.0731510e+00
   4.0961059e-01   1.4276719e-01   4.5602259e-01  -1.1006040e+00  -2.7972440e+00  -1.2579652e-01   7.8766810e-01  -1.0725810e+00   9.9926032e-01   7.7837840e-01   5.8884764e-01   1.7413720e+00  -4.7593140e-01  -1.4820199e-01   6.6789131e-01  -7.1364661e-01  -2.5607535e-02   2.0237190e+00   1.2415740e+00  -3.8182037e-01
  -7.8954981e-01  -9.2171081e-01  -7.6760311e-01   5.7352514e-01   9.7676094e-05   2.8433188e-01   9.5062270e-01   4.0592409e-01   2.3421302e-01  -2.4231710e-01  -4.8895296e-01  -7.4652742e-01  -1.1590670e+00  -1.5428490e+00   1.4899210e+00  -5.2940281e-01   7.8170451e-01   3.9848381e-01  -8.5314306e-01  -4.2044587e-01
   5.0261371e-02  -6.6846571e-01  -1.8839650e+00   2.0620580e+00  -1.1793160e+00  -1.2742642e-01   1.3596260e+00  -1.0471850e+00  -1.5867420e+00   1.0361750e+00  -9.2165202e-02   3.4895910e+00  -8.1434040e-01  -9.6644309e-01   1.4194440e+00  -5.4684491e-01  -1.4645840e+00  -2.3270109e-01   1.1064830e+00   8.8585373e-01
   1.0107060e+00  -1.1176950e+00   1.2419069e-01  -6.0015046e-01  -7.7704790e-01  -8.7385532e-01   8.0323350e-01   9.1416389e-01  -1.8337314e-02   3.9105320e-01  -1.7822760e+00  -5.1688722e-01  -2.4497390e-01  -4.9378749e-01   1.1174920e+00   1.4555179e-01   6.1652181e-01  -1.3893709e-01   3.8250694e-01  -1.0649210e+00
  -2.0310539e-02  -1.1433680e+00   1.6624460e+00   1.6751000e+00  -3.4980370e-01   1.3206250e+00   8.6175330e-01  -2.6172801e-01  -6.2711488e-01   2.0376860e+00   1.1949690e+00   8.7464797e-02  -1.5708800e+00  -1.1943340e+00   1.2707790e+00   3.6326299e-01   1.4404670e+00  -1.7678260e+00  -1.1298510e+00  -9.9311517e-01
  -4.8998791e-01   3.9338929e-01   1.2884550e+00   1.8595894e-01  -1.6371770e+00  -4.4654630e-02   1.4262850e+00   3.4655019e-01   1.7592852e-01  -5.6111050e-01  -5.6107406e-01   1.5013580e+00  -1.6914250e-01  -1.2759499e-01   2.1988240e+00   8.1897309e-01  -5.3116449e-01  -1.5110139e-01   5.6135624e-01  -7.5241347e-01
   3.2831819e-01   4.8542279e-01   8.5276079e-01  -1.0355560e+00   1.5458870e-01  -9.7905092e-01  -2.0873250e+00  -6.1759401e-01  -1.5892100e+00   7.0748630e-01  -4.9226676e-01   1.0149630e+00  -7.4208101e-02   1.5041020e+00  -8.3520009e-01   9.0728449e-01   3.1653561e-01  -6.1151129e-01  -7.1448616e-01  -1.5427290e+00
   3.8949219e-01   2.0190550e+00  -8.1522821e-01   1.2415910e+00  -8.7785470e-01   6.7743428e-01  -2.7391620e-01   1.9773539e-01   7.1936982e-01  -1.2061280e+00   2.3713214e-01  -1.9251330e+00   2.6750680e-01  -9.1885139e-01  -6.7255362e-02  -2.9330541e-01  -5.7802329e-01   1.5840060e+00  -1.6623490e+00  -5.9087537e-01
   1.1460010e+00   1.2906620e+00  -9.6629351e-01   3.6743744e-01   9.3318288e-02   4.7722828e-01   9.7411720e-01   3.7443259e-01  -7.8258054e-02  -4.4728670e-01  -8.6880806e-01   2.1496178e-01  -8.3185590e-01  -7.1907229e-01  -3.5115489e-01   8.8538519e-01  -3.3852089e-01   6.8210981e-01  -1.1647396e-01  -1.3355700e+00
  -6.0357971e-01  -3.4844491e-01  -1.5157900e+00   7.4123044e-01  -4.2601430e-01   3.6584808e-01   5.1418470e-01   5.7550259e-01  -8.5189426e-03   3.2972140e-01   1.7923950e+00   3.0128060e+00  -5.3874440e-01   4.1774921e-01   2.8358761e-01   6.8367319e-01   5.6658651e-01  -2.8121289e-01  -2.5820086e-01   2.0658603e-01
  -8.4669951e-01   1.2937929e-01   8.1232809e-01  -1.8956380e+00   4.5936610e-01  -1.0473140e+00  -1.0330130e+00  -2.3861060e+00   5.7240556e-02   1.2087980e+00   7.3088654e-01  -2.3545492e-01  -2.1162180e-01   2.7747861e-01  -7.0032839e-01  -3.3807781e-01  -5.2018099e-01   1.4899710e+00   4.3213998e-02   6.1241243e-01
   1.3381240e+00   7.7498919e-01  -2.4864401e-01  -2.7831390e+00  -9.5160640e-01   1.3483580e+00  -1.5515300e+00  -5.9013431e-01  -1.1148230e+00  -1.0054720e+00  -1.0108530e+00   3.1504468e-01  -1.7827330e-01   5.7923021e-01  -4.4499789e-01  -8.6107621e-01  -2.9737199e-01   2.6640021e-01  -1.8603850e+00   1.8707260e+00
   2.2954049e-01   7.3908259e-01  -9.3579591e-01   1.6767080e+00  -8.9847080e-01   3.7676468e-01   1.1254400e+00   3.8908119e-01  -6.5619524e-02   6.6485082e-02   2.2812280e+00   9.4699688e-01   1.0950050e+00  -2.2121930e+00   6.8888661e-01   1.0426620e+00  -5.6770089e-01  -3.6968639e-01   9.5880664e-01  -6.1064607e-01
   2.1510290e+00   4.2091629e-01   8.3732189e-01   8.4370734e-01  -1.9812980e-01  -5.6432872e-01   2.3069020e+00   2.7851849e-01   1.1349860e+00  -6.6353738e-02   6.4598104e-01  -8.6958122e-01  -7.6733910e-01  -6.3021559e-01  -7.6189749e-01  -1.5894510e+00  -2.9207045e-02   1.3677060e+00   7.6584308e-02  -1.3645550e+00
  -6.5546001e-01  -4.0490421e-01  -3.2250641e-01   2.2893050e+00  -1.3695560e+00   9.9745630e-02  -1.0673360e+00  -6.0271551e-01   1.6306170e+00  -1.6788430e+00   1.0382650e+00  -2.4676200e+00   3.2807120e-01  -7.8849539e-01  -3.2653682e-02   3.6470779e-01  -1.3597710e+00   9.0128671e-01   3.1004734e-01  -6.9633437e-01
  -1.6303151e-01   4.9841649e-01   5.3678609e-01  -9.8048726e-01   8.2008870e-01  -1.0441122e-01  -1.0856560e-01   1.8334110e+00   1.6617700e+00  -2.4012080e-01  -8.6253466e-01   7.8592828e-01   2.5854720e-01   1.1293100e+00   1.5340891e-01   1.9655400e+00   1.9757430e+00  -1.0415029e-01   1.5763340e+00   3.0353883e-01
  -1.0172140e+00   1.0802800e+00  -5.1769951e-01  -1.1973820e+00   1.6428370e+00   1.7547458e-01   3.8494920e-01  -9.4888351e-01   2.4706196e-02  -7.8934470e-01   4.1204534e-01  -9.3310922e-01   1.8931130e+00  -6.1150629e-01  -1.0563780e+00  -5.4480241e-01  -2.3315240e+00  -2.2036501e-02  -1.7105216e-01  -7.4491723e-02
  -2.1916350e+00  -4.5422921e-01   2.3564550e+00  -1.7141026e-01  -6.5643179e-03   2.5426940e+00   8.3946650e-01   1.9631219e-01   6.1222202e-01   2.0383260e+00   1.0365940e+00   5.6342028e-01  -7.2921930e-01   7.6688371e-01   6.9886241e-01   7.3789529e-01  -3.1339249e-01   1.1271800e+00  -9.9230046e-01   2.9325643e-01
  -3.9888751e-01   1.3238690e+00  -1.7607670e+00  -8.8122534e-02  -4.4509800e-01  -1.0670890e+00  -4.6479810e-01  -1.0871473e-02   3.3682672e-01  -8.5339170e-01  -1.7683656e-01   9.3244438e-01   1.0952980e+00   9.3925161e-01   1.8089010e+00  -1.6407771e-01  -1.1989930e+00   4.5880371e-01  -1.1467030e+00  -8.9266107e-01
  -1.1635521e-01  -5.1809821e-01  -9.5488011e-01  -7.1324936e-01  -1.2208460e+00  -1.4180940e+00   2.0985490e+00  -1.3657350e+00   9.2927452e-01   3.4411610e-01   8.0360888e-02   3.9704528e-01   1.0610910e-01   1.2891810e+00  -2.3548029e-01   9.4501399e-01   1.0914970e+00   3.2560409e-02   3.7379778e-02  -1.6573200e+00
  -1.7943921e-01   9.0761492e-02  -1.2488750e+00  -1.0114856e-01  -1.1272750e+00   5.1048598e-01  -2.0094890e+00  -1.7612851e-01  -1.8540674e-02   3.5507432e-02   9.1106584e-01  -3.1173112e-01   1.3250590e+00  -7.8583249e-01   3.3333611e-01   5.7165979e-01  -6.5089779e-01   3.3752181e-01   9.4664924e-01   5.1365453e-01
   6.0916061e-02   1.1224950e+00   6.3158499e-01  -1.6258566e-01  -1.4126520e+00  -9.8164030e-02  -4.4105793e-02   8.1128529e-01   2.1128270e+00   9.7125772e-02   2.3207404e-01  -7.4964202e-01   6.3658490e-01  -2.0073199e-01  -2.0497209e-01  -3.6784001e-01  -5.0577829e-01   2.2856280e+00  -1.3728860e+00  -1.2549967e-01
  -1.4265880e+00   5.8488459e-01  -7.4887991e-01  -2.3387536e-01  -6.7004280e-01  -3.5981952e-01  -4.7383160e-01  -1.5735921e-01   1.1330870e+00  -1.0337060e-01  -9.5913516e-01   1.3762068e-01   8.4355670e-01   1.3748870e+00   1.3548260e+00  -2.6366151e-01   2.9923881e-01  -1.2659830e+00   9.7265804e-01   3.0189713e-01
   6.7951669e-01  -3.9291551e-01  -7.7691891e-01  -5.3683696e-01  -7.3622350e-01  -3.4528610e-02  -1.3503800e+00  -1.0410040e+00  -7.0608558e-01  -3.3855790e-01  -1.2522950e+00   4.5924788e-01   1.8509620e-01  -1.7322860e+00   1.1125400e+00   1.1944450e+00   7.9618021e-01  -2.2414359e-01  -9.2781046e-01  -1.2769957e-01
  -1.7328540e+00  -3.5322148e-02   5.9175159e-01   6.8057224e-01   9.8988810e-01  -2.1922980e+00  -1.3942930e+00   6.8490739e-01  -7.5173978e-01  -4.9822598e-02   8.2641794e-01   1.9411708e-01   7.4945830e-01   1.1548550e+00   3.7198331e-01   2.0648910e+00  -5.0861089e-01  -6.6477489e-01  -2.1138130e+00   1.2252660e+00
  -1.7419981e-01   4.2458734e-04   2.9545130e-02  -3.8796136e-01   1.3932420e+00  -4.8491602e-01   3.8888057e-02   1.9816350e+00  -5.1365698e-01   1.5651550e-01   1.4262530e+00   1.1679870e+00  -4.8484540e-01  -1.6871730e+00  -6.0325889e-01   9.2269459e-01   5.6852141e-01   7.1705961e-01  -2.8318136e-01  -4.7733617e-01
  -7.1969541e-01  -1.0426980e+00  -3.2533811e-01   5.0212164e-01   5.4240000e-01  -2.2250020e+00  -7.3620230e-01   6.4064679e-01  -1.0617380e+00   1.2843090e+00  -6.6832716e-01   1.2673038e-01  -4.8749100e-01   3.1033440e+00  -1.1392420e+00  -6.1292231e-01   1.8519791e-01  -2.1065619e-01   1.1987080e+00   4.1027013e-01
  -1.6157510e+00  -5.4587901e-01  -3.9252781e-01   1.0288010e+00   1.9299440e-01  -1.7066300e+00  -3.6553890e-01   7.1109069e-01  -1.0524080e+00  -3.0906040e-01   3.5149064e-01   6.6685607e-02  -4.3232570e-01   2.1305181e-01  -1.6808569e-01  -1.1930580e+00   1.0545891e-01   7.1019461e-01   2.4141870e+00   2.5963270e+00
   6.0327069e-01  -1.8094841e-01   6.6929579e-01  -1.1408930e+00   4.9135370e-01  -7.0208822e-01   1.6457450e+00   2.4015440e+00  -1.6079518e-01  -2.6191108e-02   1.4583570e+00   1.8496508e-01   4.1682310e-01   5.0941731e-01  -8.8138709e-01   7.6071089e-01   2.1135011e-01   1.1475680e+00  -1.0355010e+00  -7.7939707e-01
  -2.0168231e-01  -3.1565161e-01  -8.1325261e-01   6.6445544e-01   1.9027660e-01   2.6270898e-01  -8.6989930e-01  -1.9675300e+00  -1.7328270e+00   5.7232040e-01  -2.8691186e-01   5.1918248e-01   3.4694750e-01   1.6364870e+00  -1.1294570e+00   1.3816430e+00   9.5972481e-01   4.1058881e-01  -7.0477556e-01   1.1399197e-02
   4.4095599e-01  -1.9654550e+00   1.7221710e+00   6.1852504e-01   3.6903730e-01   1.2942900e+00  -2.2504910e+00  -2.0220101e-01  -1.5322360e+00  -5.0078500e-01  -4.5362396e-01  -1.0587620e+00   1.5293440e+00  -2.5763880e+00   2.8361661e-01  -5.1474221e-01  -1.8958555e-02  -1.3440230e+00  -1.7602376e-01   1.8526420e+00
   2.2784160e+00  -1.4988010e+00  -4.0990771e-01   1.1141690e+00  -1.1124270e+00   1.2927290e+00   1.3434240e+00   1.3841247e-02   3.2144332e-01  -1.1071580e-01  -1.3192020e+00   1.3809230e+00  -1.8834300e+00  -2.7759649e-01   1.0640980e+00   1.2391650e+00  -1.7138909e-01  -1.1043270e+00   1.3217110e+00  -5.1247997e-01
  -1.0199121e-01  -4.1643741e-01  -2.5195111e-01  -7.5558036e-01  -2.0276220e-01  -6.7928482e-01  -6.4117020e-01  -3.0561371e-01   7.0314222e-01   6.9851090e-01  -1.2711210e+00   9.3744398e-01   3.1571020e-01  -8.3407929e-01   1.3347840e+00   3.9230689e-01   2.0176491e-01   1.2367399e-02  -1.7913560e+00  -8.6753047e-01
  -4.9494301e-01   1.0087840e+00  -6.2821361e-01  -3.0720586e-01   1.9358040e+00   8.0533958e-01   3.5420607e-02  -1.0327580e+00  -1.5737738e-01   2.9469820e-01   7.0976234e-01  -4.6445152e-01  -1.0144470e+00   2.8592241e-01  -9.9401882e-03  -1.2064450e+00  -1.5800940e+00  -7.1674349e-01  -5.1151642e-02   7.9445553e-01
   2.3694329e-01  -5.5892861e-01   1.0868429e-01   2.2531990e+00   1.2098790e+00   1.0290650e+00   1.3953730e+00  -4.0762231e-01  -7.7564948e-01   6.9531140e-01  -5.9257886e-01  -1.7038050e+00  -2.3952120e-01  -4.2953689e-01   1.7163551e-01  -2.1683810e+00   4.3300605e-02  -5.8062759e-01  -8.7644582e-02  -6.0015857e-01
   1.3760240e+00  -8.9762991e-01  -1.3364641e-01   7.5320624e-01   2.7570820e+00   2.0509740e+00   4.4911530e-01  -3.9554931e-01   6.7101082e-01  -5.6991380e-01   5.8887074e-01  -1.5876010e+00   1.5762840e-01   1.2214050e+00   4.1269731e-01   1.1162819e-01  -5.2799479e-01  -2.0720589e-01   1.1097084e-01   7.9917233e-01
   1.2639070e+00   7.7138269e-01  -8.4758690e-02  -1.3284220e+00   4.3148620e-01  -1.3841932e-01  -1.4573530e-01   1.4512610e+00   3.4066222e-01   1.2958340e+00  -3.4796386e-01  -3.8723563e-02   5.9772170e-01   1.5588660e+00   2.2083111e-01   1.7519850e+00  -1.8280970e+00   7.4322421e-01  -5.1413376e-01   2.8646833e-01
   4.5802649e-01  -5.9039811e-01   6.1000849e-01  -2.2169646e-01   8.1588320e-01   2.1885810e+00  -1.1378740e+00   1.4873219e-01   3.1010172e-01  -8.0953170e-01   1.5534760e+00  -9.0070402e-01   2.5589530e-01   4.8680011e-01  -6.5081839e-01  -2.2979901e-01   2.0086061e-01  -2.5134039e-01   6.4000144e-01   9.5212553e-01
  -1.2732810e+00  -5.9810561e-01  -6.4224280e-02  -1.1653580e+00  -1.7009050e+00  -6.3973022e-01  -1.0257730e-01  -1.4963530e+00  -6.3311538e-01   1.3607820e+00  -8.6752756e-01  -1.9705482e-01   2.1458790e+00  -1.9214659e-01  -1.1609110e+00   5.1613159e-01   4.9863771e-01   2.0453770e+00   2.5574090e+00  -1.4443700e+00
  -2.1728101e-01   2.4309519e-01   1.4906800e+00   9.2226774e-01  -9.0527150e-01   6.1277748e-01   1.4819790e+00   2.0349340e+00   3.6234166e-02   1.4894450e+00  -7.7871116e-01  -5.4568962e-01   1.3455870e+00   1.6196540e+00   7.6583691e-01   3.4345879e-01  -1.9909099e-01   3.9578489e-02   7.0395154e-01   9.5957743e-01
  -2.4161071e-01   4.0084269e-01   7.1099849e-01  -1.6845810e+00   1.2865370e-01   6.9250678e-01  -2.0030620e-01  -5.9044221e-01  -1.3002310e+00  -3.5365220e-01   1.4810050e+00   1.5854190e+00  -9.1214660e-01   3.7585041e-01  -1.2233599e-01  -7.3336061e-01  -1.2162770e+00  -8.6176879e-01  -1.1569010e+00   1.2512830e+00
   1.3911961e-02   1.6511070e+00   4.8178130e-02  -1.2141420e+00   7.6579070e-01  -1.4323850e+00   2.6666650e-01  -1.6322233e-02  -3.3637478e-01   3.1816730e-01   2.6663960e+00   3.7289098e-01   9.7750280e-01   2.0944201e-01   9.1288291e-01  -1.8546241e-01  -1.3754590e+00   6.5682659e-02   1.4673870e+00   2.5302910e+00
  -1.3825850e+00   1.7095070e+00   5.7548879e-01   1.1133720e+00  -6.9775090e-01   1.6953210e+00  -9.7493800e-01   9.9542169e-01  -1.8361188e-01   2.0542442e-02  -5.7912486e-01   5.2583328e-01   4.4744960e-01   3.4318021e-01   1.5919421e-01  -1.1086530e+00  -1.1043490e+00   1.3047830e+00  -5.2769716e-01  -2.4536837e-01
  -6.2372281e-01  -1.8260321e-01   1.1578840e+00  -1.8608706e-01   7.2070966e-04   1.8986690e-02   1.0622670e+00  -1.7184981e-01   2.1393280e+00   4.8403510e-01   1.2221420e+00   3.9925968e-01   3.1455900e+00  -2.8229539e-01  -1.3410680e+00   9.7068769e-01   3.9628841e-01   9.7744491e-01  -6.3126522e-02  -1.0313900e+00
  -5.1442381e-01  -6.2101981e-01   4.5103749e-01  -1.8970070e+00  -6.7274620e-01  -9.8335242e-01  -5.0271100e-01  -3.0404341e-01   1.3503080e+00  -4.7651160e-01  -7.8794426e-01  -3.6284032e-01  -7.9606700e-01  -1.9990790e+00  -5.0484382e-02  -2.3000301e-01  -1.6065320e+00  -2.0919150e+00  -1.4652300e+00   3.5378103e-01
   7.8669179e-01  -3.5492651e-01   1.5915220e+00   3.3334694e-01  -4.8274960e-01  -5.3525212e-01   5.6234420e-01   7.7683029e-01   1.4641740e+00  -6.7571520e-01   5.2004124e-01  -1.9919033e-02  -1.1082910e+00  -1.4066449e-01  -1.9661170e+00  -1.6069301e-01   1.1094180e+00   1.0353380e+00   1.1846390e+00  -8.6481717e-01
   1.2338050e+00   8.9492919e-01   9.4564959e-01  -4.2905696e-01  -5.9363990e-01  -1.2598820e+00   1.3223160e+00  -1.0945320e+00   9.1001292e-01   2.4271570e-01  -1.6765020e+00   1.3989280e+00   1.0610030e+00  -7.9847119e-01  -1.5490370e+00   1.5288880e+00   6.2113745e-02  -1.2346990e+00   1.2104374e-01   1.6497950e+00
  -7.8742301e-01   1.4675000e+00  -1.7969001e-01   1.2046420e+00   1.1727640e+00  -8.2180042e-01  -2.8534390e-01  -3.2339701e-01  -1.3136270e+00  -1.0317120e+00  -1.0640820e+00  -6.0499662e-01  -1.0214360e+00  -9.7849129e-01   3.5340751e-01   2.4877099e-01  -5.5651655e-02   1.3869840e+00  -1.7423530e+00   1.0475380e+00
   7.7235149e-01   1.3348740e+00  -2.5003081e-01   1.6576470e+00  -5.6867440e-01   5.7357450e-02   1.1348370e+00  -4.2127331e-01  -5.8797608e-01  -7.0092630e-01   3.4256894e-01  -6.8491642e-01  -4.8497610e-01   1.1222261e-01   4.3710001e-01  -8.2362563e-02   1.6670940e+00  -8.2150519e-01  -3.8680216e-01  -6.9328787e-01
  -1.6301231e-01   5.1785279e-01  -1.8032181e-01  -2.5206786e-01  -1.4212850e-01   4.8042098e-01  -2.0027340e+00  -8.5327071e-01  -1.0882414e-02  -1.3252880e+00   4.4409784e-01   5.2743168e-01   7.1822100e-01  -5.6251249e-01  -7.2383409e-01  -1.5463340e+00  -8.1405275e-02  -1.0604469e-01  -8.3017056e-01  -4.1479887e-01
  -1.1495360e+00  -3.4823521e-01   3.2237539e-01   3.7967324e-01   5.8938510e-01  -2.3877472e-01   8.7906940e-01   1.7709510e+00  -1.1077570e+00   1.1024230e+00  -5.9635516e-01   4.7862888e-01  -1.2251450e+00  -1.1201220e+00  -7.0731939e-01  -9.1827311e-01  -2.6938519e-01   4.6554231e-01   4.4129854e-01  -7.2057417e-01
  -1.2691860e+00  -7.5349371e-01  -8.1863901e-01  -1.3484830e+00  -1.6016670e+00  -6.9968772e-01  -1.0434840e+00   4.2505679e-01   1.8991950e+00  -2.6119660e+00  -1.4829660e+00   8.8573568e-01  -3.6053710e-01   8.3848135e-02  -9.8256289e-01  -1.7029091e-01   3.7943061e-01  -1.1658060e+00   6.8338808e-02   1.8914430e+00
   1.3908250e+00  -4.2598598e-02   2.0876600e+00  -1.6701470e+00   3.1283130e-01  -3.9497402e-01  -3.5038410e-01  -6.0679041e-01   2.2998582e-01   1.5258200e+00   2.1306314e-01   3.8814718e-01  -6.7085160e-01   1.0571521e-01  -1.1314680e+00  -1.4931680e+00   2.4458821e-01  -1.6161410e+00  -1.2775090e+00  -5.5734367e-01
  -1.4998001e-01  -1.2121410e+00   8.9781679e-01  -6.1794836e-01   1.1810830e-01  -4.4017600e-02   1.4635270e+00   5.5270977e-02  -2.0352410e+00   1.0149820e+00  -8.1050346e-01   2.9309398e-01  -7.9218580e-01  -2.4858127e-03  -3.9327679e-01  -6.8594361e-01   3.2812921e-01  -4.4676139e-01  -4.4634006e-01   6.5543893e-01
  -4.4136831e-01   9.1191859e-01  -7.0352931e-01  -5.7798656e-01  -3.6787160e-01   1.7884298e-01   9.2345830e-01  -1.2690370e+00   6.2937752e-01   1.2685940e-01   2.4581534e-01  -2.0653220e+00  -2.3348180e-01   4.1469441e-01   9.4675291e-01   5.7232979e-01   5.8625481e-01  -4.1502399e-01   2.9668884e-01  -1.3259470e+00
  -3.0557081e-01   1.6516130e+00   3.7511919e-01   6.2618554e-01   7.7259280e-01   3.0095918e-01  -4.4561020e-01   8.2942559e-01  -2.0766058e-01  -7.7695640e-01   1.0894470e+00   6.2564688e-01   7.1190330e-01   1.6083871e-01  -3.7709649e-01   3.4142509e-01   6.7260171e-01  -1.3260579e-01   2.2905804e-01  -3.7538533e-02
  -4.5003841e-01   9.0101579e-01   5.9564809e-01   4.9886364e-01   4.8394390e-01  -6.7592402e-01  -1.0148540e+00   3.5067969e-01  -3.8891728e-01  -1.5842150e+00  -1.9709870e+00   3.6010497e-02   5.0484910e-01   1.1554130e+00  -5.9341009e-01  -1.2808460e+00  -2.7435385e-02  -8.3189559e-01   1.2635630e+00   1.6692070e+00
  -8.9785621e-01   9.5153142e-02  -6.6376921e-01  -9.4894596e-01   1.1488660e+00   7.1043328e-01   9.9652640e-01  -1.2038030e+00  -1.8103060e+00   6.5369190e-01   3.3342494e-01   4.5488368e-01  -1.5804380e+00  -8.7752339e-01  -6.3139929e-01  -4.2211651e-01   2.9021815e-02   4.6280271e-01  -8.1834176e-01   8.1816267e-02
   7.5318091e-02  -4.1916171e-01  -2.0176790e+00   1.1512880e+00   7.5737890e-01  -2.3923620e-02  -6.3360900e-01   9.0283529e-01  -9.0945184e-02   1.5934360e-01  -6.7492466e-01  -1.2562130e+00  -5.5865790e-01  -7.9719079e-01  -1.0624320e+00  -1.0717810e+00  -3.6254115e-02  -1.1401170e+00   8.4750554e-01  -9.0983067e-01
  -3.5321581e-01  -1.8946090e+00  -9.9807181e-01  -3.6753416e-01   1.1730520e+00   6.6823218e-01   1.1526100e-01   7.7630019e-01  -3.1234004e-02   5.7325520e-01   1.2665800e+00  -1.7998680e+00  -1.4371970e+00  -1.0652070e+00  -2.4715019e-01  -3.0461661e-01  -6.5767135e-02  -2.2374010e+00   5.1463214e-01  -7.8276467e-01
  -1.3738360e+00  -1.4475121e-01  -1.4896210e+00   5.6984094e-01   6.4295598e-02  -9.8645612e-01  -6.4757790e-01  -2.4137273e-02  -1.4937288e-01   2.0336460e-01   9.9304884e-01  -7.7034902e-01   4.2085250e-01  -2.8888049e-01  -1.0795940e+00  -4.3940651e-01   1.5683221e-01   1.1306220e+00   6.0128304e-01   1.5083723e-01
   2.1253910e+00  -4.5298881e-01   1.1130000e+00   6.1480254e-01  -3.4904170e-01   4.8597738e-01   1.4036300e-01  -1.9557521e-01  -1.2813880e+00   4.8376020e-01  -1.0680130e+00  -7.6168152e-01   2.3696000e-01   7.9441921e-01   3.0192201e-01  -7.3685711e-01  -1.9550570e+00  -3.9695599e-01  -3.9086256e-01   7.7421173e-01
   1.6629911e-02  -2.7465321e-01  -2.7408650e+00  -1.2831030e+00   9.8766100e-01   1.1097310e+00  -2.2983953e-02  -3.5951771e-01   6.9716902e-01  -2.1798420e+00   1.1512440e+00  -3.6690812e-01  -7.6224090e-01  -5.0091369e-01   4.5808821e-01   1.6695130e+00  -1.2280960e+00   3.2274081e-01  -7.1981486e-01   4.5992397e-02
  -1.8861081e-01  -1.9642011e-01   8.9768799e-01   4.7545664e-01  -1.5681050e+00   1.3522160e+00   9.7610390e-01  -3.6091931e-01   8.1316292e-01  -9.7637580e-01  -8.8089206e-01   3.6228048e-01   1.0608320e+00  -2.0941229e-01   9.2480481e-01  -2.0865690e+00   3.0561430e+00   5.0234501e-01  -3.4393926e-01  -1.1805600e+00
  -1.1907740e+00   1.2153100e+00  -1.5501041e-01   7.2180734e-01  -8.9625990e-01   8.6892818e-01  -3.8647160e-01   1.9951740e+00  -6.0254598e-01   4.4376180e-01  -1.2341730e+00  -1.5742400e+00   2.5807540e-01   7.6135841e-01   8.7174201e-01  -5.1799661e-01   6.2788271e-01  -1.8649831e-02   8.0875514e-01  -5.5260177e-01
   1.8197320e+00  -2.7156561e-01   3.7777889e-01   5.6409894e-01  -4.5596732e-02  -2.0235512e-01  -7.8955260e-01  -4.6939781e-01   5.8781692e-01   1.6630050e+00  -3.8294396e-01  -9.3489442e-01  -3.5554137e-03   1.4257980e+00  -5.5613239e-01   1.3675910e+00   1.2370330e+00  -1.5960930e+00  -3.2836436e-01  -1.8440580e+00
   7.6442509e-01  -1.2812590e+00   6.8637749e-01  -7.8423726e-01  -1.1245520e+00  -5.4993492e-01  -2.7725250e-01  -2.1705860e+00   8.2366052e-01   9.9145990e-01   1.5092850e+00  -8.3763962e-01  -1.5958720e+00  -1.5328479e-01  -1.6281030e+00  -6.2326591e-01  -4.3253899e-01   8.1030011e-01   5.6282534e-01   9.3146363e-01
  -4.3216301e-01  -1.2997161e-01   8.0600709e-01   7.4394234e-01  -1.5684620e+00  -1.8563510e+00  -9.1595310e-01  -1.9643510e+00  -1.4972420e+00   3.0185530e-01  -7.1478036e-01   4.2158098e-01   2.1826690e+00  -3.1125889e-01  -1.0532740e+00   1.2237970e+00   1.0410530e+00  -8.8465469e-01  -8.0034406e-01  -7.8197033e-02
  -1.0244700e+00   2.9417669e-01  -9.4093501e-01  -6.2697856e-01  -1.1205800e-01  -9.2112322e-01  -1.0191030e+00   5.6387089e-01   5.3063702e-01   3.0713270e+00  -3.1944636e-01  -1.4556170e+00   5.5169620e-01  -8.6164879e-01  -1.2342770e+00  -9.7348061e-01  -1.3676399e-01  -7.7416129e-01   5.0977494e-01   1.6963243e-01
   3.8359109e-01   1.2961720e+00   2.0095899e-01  -1.4900620e+00   1.2534470e+00   9.5031208e-01   3.6181060e-01  -9.8237431e-01  -6.1142798e-01  -1.6567070e+00  -4.1880366e-01   3.0682558e-01   4.9393500e-01  -2.5934259e-01  -2.5394760e+00   5.5571479e-01  -1.2275679e-01   1.6443701e-01   2.0328070e+00   6.3840153e-01
  -1.4079000e+00   1.2045890e+00   2.0198660e+00  -3.6043346e-01  -1.4543080e+00   7.1220988e-01   9.2792890e-01   5.6959149e-01  -4.8949398e-01  -7.7066930e-01   2.0888834e-01  -2.5040782e-01  -4.7349770e-01   1.2847280e+00  -2.9498719e-01   1.8854200e+00  -6.0614629e-01   9.0162569e-02  -5.0441256e-01  -2.6195337e-01
   6.0166709e-01  -5.7991441e-01  -6.0093421e-01  -9.6869966e-01  -2.8772880e-01  -1.5917692e-01  -1.3052280e+00   3.7433319e-01   1.0409970e+00  -1.4267110e+00  -7.3515756e-01   2.4297128e-01   1.0418000e+00   1.3563050e+00  -4.8647659e-01   1.1553370e+00   5.6856065e-02   3.8894161e-01  -8.9262552e-02   1.2479960e+00
   1.1171250e+00   5.6034069e-01  -7.2245511e-01  -7.3381186e-01  -2.6019200e-01  -5.9251330e-02  -1.3236770e+00  -7.5852141e-01  -2.3556178e-01  -2.3361068e-02  -8.6553486e-01  -2.8960792e-01   7.1488140e-01  -2.8689819e-01  -9.2957109e-01   6.3317679e-01  -1.1409810e+00   6.2983351e-01   1.0727974e-01  -5.1439817e-01
   7.3837929e-01  -1.2117720e+00  -3.9593270e-02   1.2564190e+00  -3.8068160e-01  -3.2111272e-01  -1.2201730e+00   1.2551580e+00  -1.5590640e+00   6.1938352e-02   1.5497230e+00  -3.7077992e-01  -5.4163780e-01   9.1350301e-01  -2.4437599e-01   4.6427749e-01   1.6355990e+00   8.3930611e-01   1.4483790e+00   6.0996113e-01
  -7.0762191e-01   4.6811859e-01  -4.0977491e-01  -1.7139866e-01   2.2565228e-02  -7.0594140e-02   4.7081017e-02   5.6205417e-02   6.1352184e-03  -9.5837100e-01   3.0578814e-01   2.2538098e-01  -1.2622660e+00   6.9420661e-01  -1.0643470e+00   1.8250599e-01   2.4283150e+00  -1.0848969e-01  -1.3386390e+00   9.3130617e-02
   3.4460779e-01  -7.9996011e-01   6.9370589e-01   1.2789460e+00   9.1565420e-01   1.3418870e+00   8.1441900e-01   5.0564509e-01   5.6843902e-01   1.9109462e-02   2.1686104e-01   7.3771708e-01   8.2449030e-01   4.7764351e-01   3.4739541e-01  -5.2045161e-01   1.2404950e+00   1.1272641e-01   1.8415380e+00   9.2948303e-01
  -2.1630450e+00   1.8708270e+00   3.2503469e-01  -4.6836276e-01  -8.3824460e-01   4.5023578e-01  -9.1606310e-01  -8.4294241e-01  -5.8567118e-01  -6.2923850e-01   4.6565574e-01   4.7882247e-02   4.0896780e-01  -8.5268739e-01   2.2186640e+00   4.1614089e-01  -1.5161209e-01   1.3206161e-01  -4.6175356e-01   2.2589110e+00
  -7.0108251e-01  -4.1952051e-01  -1.5651490e+00  -8.2695626e-01  -6.1398610e-01   2.2343958e-01  -1.2680370e+00   4.1075309e-01  -5.6701368e-01  -3.1144070e-01  -1.8114560e+00   1.0953540e+00   6.5188560e-01   1.6337680e+00   6.5717501e-01  -1.4249330e+00  -8.5491529e-01   1.7441641e-01  -8.9472646e-01  -8.6969197e-01
  -8.8873771e-01  -9.1432508e-02   3.3456789e-01  -1.0107446e-01   4.0709000e-01  -1.7071000e+00   1.9918380e-01   2.6878699e-01  -6.0282088e-01  -9.1517040e-01  -3.9306366e-01   1.6076750e+00   1.1902820e+00  -8.9253999e-01  -1.5361490e+00   1.6353460e+00   1.5484980e+00  -7.4842929e-01   7.7981314e-01  -1.0400430e+00
   1.8415830e+00   1.6866700e+00  -3.5827710e-02   2.0485684e-01   6.1435100e-01   1.0206348e-01   9.7506100e-01  -9.7007091e-01  -1.9310330e+00  -5.1232590e-01   1.3097420e+00   7.6453098e-01  -1.7275420e+00  -7.1731335e-02   5.7312741e-01  -4.2104481e-01   9.2509661e-01   9.7771521e-01   1.4086240e+00  -1.2945520e+00
   1.6534570e+00  -1.4128120e+00   2.7693779e-01   9.6553004e-01   1.1999490e+00  -2.0797090e+00   1.2286880e+00  -6.6648281e-01   8.7743672e-01  -5.6150320e-01  -3.1165436e-01  -1.4359350e+00  -8.9545850e-01  -5.5412119e-01   2.0698330e+00   1.7147410e+00   1.4411831e-01  -1.2307650e+00  -7.0674556e-01  -9.2100473e-03
   2.5598900e+00  -1.7577660e+00  -1.3229480e+00   9.2814574e-01   1.2834240e-01  -6.6941232e-01  -1.8570830e+00   1.4860810e+00   1.1975250e+00   7.3574610e-01  -1.7606550e+00  -5.3715282e-01  -9.9471620e-01   6.1282991e-01  -3.3995049e-01  -2.3384611e-01  -9.0476039e-01  -6.3032439e-01   1.2114230e+00   1.7782350e+00
  -1.1285510e+00  -1.7899880e+00  -9.0375240e-02  -6.5299796e-01   1.4463240e+00  -3.3136292e-01   3.4381400e-01  -4.9524273e-02   1.7046270e+00   1.5062290e-01  -9.8967826e-01  -5.7721452e-01   1.6177450e+00   1.3782391e-01   3.0579491e-01  -5.9709071e-01  -1.2235370e+00   4.9343481e-01  -7.5241096e-01   6.0677303e-01
   6.7676829e-01  -1.5426351e-01   1.6503870e+00   7.3891566e-02   1.4111740e+00  -1.2491540e+00   3.7250190e-01  -1.2615760e+00   3.8511542e-01   1.6672150e+00  -5.9749546e-01   1.3966490e+00  -1.9992320e-01   2.4737181e-01   4.8324191e-01  -2.3884180e+00   1.5830840e+00   5.6193081e-01  -1.6972070e+00   4.1012343e-01
  -2.0492999e-02  -7.0247321e-01   6.5262847e-03   5.5043754e-01  -2.0756240e+00   1.2364960e+00  -3.0869900e-01  -2.5795640e+00   7.7218212e-01  -1.8538580e+00   2.5957434e-01  -1.9293762e-01   1.8298730e+00  -1.8689100e+00  -1.4041279e-01  -7.9426191e-01   1.0873230e+00  -2.0805020e+00  -6.7694372e-02  -1.5773840e+00
   1.5519700e+00   1.8580809e-01   2.5109439e-01   8.8920624e-01  -6.4392592e-02   1.5034060e+00  -5.1988180e-01  -1.6630951e-01   2.0659136e-02   9.4581740e-01   7.2224984e-01  -1.1600230e+00  -7.2510790e-01  -4.4418759e-01   4.4998591e-01  -1.3086510e+00  -2.7405729e-01  -2.1453980e+00  -3.7910856e-01   8.8074463e-01
   5.0561799e-01  -1.2437710e+00  -3.3899021e-01  -7.4070956e-01  -3.8595020e-01   1.3587770e+00  -9.6241240e-01   1.1634940e+00   1.0443980e+00  -1.4424670e+00  -2.8760646e-01   5.0636798e-01   8.0953130e-01  -1.5671570e+00  -1.1727680e+00   1.5319719e-01   1.6768460e+00  -4.3648599e-01  -1.4275750e+00  -2.5368587e-01
   1.1603830e+00  -8.7005758e-02  -1.0879880e+00   1.1945890e+00   9.7887598e-02   2.0889310e+00  -3.4493900e-01   6.0914089e-01  -2.3089640e+00  -1.7456480e-01   1.6811160e+00   2.1629368e-01  -1.2434180e+00   2.1731131e-01   6.4348971e-01  -2.3533610e+00  -3.4507529e-01  -1.4867910e+00   3.4541884e-01  -1.0731750e+00
  -7.0642731e-01  -3.6625751e-01  -2.4880691e-01   4.1956816e-02   1.0736590e+00   3.0536048e-01   2.1191390e-01  -1.1974791e-01   2.4302642e-01   9.3318670e-01  -1.1184890e+00  -1.7730607e-04  -1.1441160e+00  -5.9944739e-01  -1.9784709e-01   1.8395009e-01  -5.0437969e-01   2.9238511e-01  -3.2665556e-01   2.1683663e-01
   1.7857910e+00   3.3429642e-02  -1.8079310e+00  -1.2402070e+00   1.3096840e+00  -3.9531022e-01   1.7510020e-01   1.7764480e+00  -1.5487410e+00   1.0558780e+00   1.9246034e-01  -1.6030880e+00  -1.8524250e-01  -7.9092549e-01  -7.7846022e-02   7.9682439e-01  -8.4802875e-02  -1.7854989e-01  -3.3943486e-01   6.2215273e-01
  -9.1317891e-01  -1.0928010e+00  -9.7812501e-01   3.9920666e-02   7.3030720e-01  -1.6397920e+00   1.1179590e+00   1.3840830e+00   1.2734270e+00   3.8062010e-01  -6.4312696e-01  -6.7109172e-01  -2.1520980e+00  -3.2558739e-01  -1.3761140e+00   1.2627729e-01  -3.2733889e-01   1.0985650e+00  -8.2116866e-01  -7.9512117e-01
  -5.9876521e-01   3.4827339e-01   2.9875999e-01   1.2000020e+00  -1.2693000e+00   7.2695848e-01   6.7009790e-01   1.4053250e+00   9.6745242e-01   1.0355360e+00   1.4178000e+00   9.1914497e-02   8.6610410e-01  -2.5329029e-01   1.9863620e+00   6.7761059e-01  -4.9126169e-01   6.6809611e-01  -7.7074706e-01   9.3360893e-01
  -3.3944961e-01   1.1669390e+00  -1.1020560e+00  -1.2038550e+00   2.3834680e+00  -1.1554530e+00  -3.3412263e-02   9.4338829e-01   1.1262340e+00  -6.6769370e-01   1.4822560e+00  -7.4185332e-01  -1.2360810e+00   1.6784870e+00   9.9984511e-01  -1.8380650e+00   2.2678760e+00  -1.2787570e+00   6.1281174e-01  -1.5460760e+00
   1.1044419e-01   1.6538470e+00   6.7344009e-01  -3.7768618e-04  -1.5186360e-01   5.4039728e-01  -2.2106980e-01  -4.1119521e-01  -3.1244274e-02  -5.8407510e-01   1.2677524e-01   8.9629748e-01  -5.8350950e-01   9.3350571e-01   2.9625430e+00  -2.7485481e-01  -2.8319699e-01   4.2530361e-01   6.0354754e-01  -7.0465577e-01
