1.194490
3.01589
0.1581974
0.3781014
1.795946
0.8146825
0.3878369
0.2274132
-0.927931
0.07222553
-1.647413
0.650752
-0.9072789
-0.7294969
0.6686679
0.3634291
-1.093596
-0.005708282
1.279660
-0.3703128
-0.8560974
1.330407
-0.4682274
-0.7322787
-0.7783404
1.492532
1.461043
0.4526089
-1.431934
0.0008726017
0.6620411
-0.3217308
-0.2592054
-0.5902587
-1.452255
-0.795164
-0.2078327
0.01965183
-0.9553422
-0.1396001
0.7646855
-1.088814
0.4320105
-2.295035
-0.09623042
-0.7491046
-0.2173176
-1.895464
-0.7233217
-0.1031290
-1.612742
-0.7598604
-0.8105138
0.2939522
1.235719
0.7673273
1.566956
-0.5836594
1.171281
-0.3381736
1.018959
-1.329099
-0.4162566
-1.276197
-1.359285
0.8276997
-0.5224832
-0.6309633
-0.3655564
-0.9444308
-0.5567563
-0.2174392
-1.718784
-2.098796
-1.084258
-1.276795
0.5013108
-0.5739775
1.285235
-1.110869
-0.07976758
0.6758469
-0.4825431
0.7621211
-0.458804
0.4484918
1.123240
0.861868
-0.06953705
-1.212116
0.1382801
1.307772
1.603154
-0.2430025
0.9620408
1.062326
0.8787104
-1.687610
1.644453
-0.3269087
