   9.5412521e-01
  -1.5049130e-01
  -6.4887528e-01
  -1.7169144e-01
   4.0150458e-01
  -9.5294120e-01
   3.1416887e-01
   7.9828022e-01
   2.7564984e+00
   7.8379761e-01
  -2.3389510e+00
   2.9759854e-01
   1.4760506e+00
  -9.5419121e-01
   1.1213644e+00
   6.4877104e-02
   1.2628867e+00
  -1.2234229e+00
   3.2200325e-01
  -5.7620779e-01
   2.8433842e+00
   3.5229695e-01
   1.4950406e+00
  -3.7090079e-01
  -2.2982002e-01
   1.2911958e-01
   1.2480693e+00
  -3.2679809e-01
   7.4811149e-01
  -2.0721062e+00
   7.2169739e-03
  -1.0979231e+00
  -1.7435895e+00
   2.0350950e-01
  -7.1771268e-01
   5.3808626e-01
  -1.0565644e+00
   7.7446012e-01
   7.9760289e-01
  -8.2037842e-01
   9.2806299e-03
  -2.9173887e-01
  -1.4300931e+00
  -1.2597521e-01
  -1.0097328e+00
  -8.6016319e-01
  -1.0636574e+00
  -2.4094656e-01
  -1.3942889e+00
   1.2572863e+00
   1.9603266e-01
   3.1547524e-02
  -4.1697234e-01
  -1.0639315e+00
   9.2959933e-01
   4.2117976e-01
  -8.7342762e-01
   1.3538431e+00
  -2.5319061e-01
  -1.2535674e-01
  -6.0580501e-01
  -7.2196701e-01
  -7.8945971e-01
   2.6473255e+00
   2.0204582e+00
   3.2659416e-01
  -1.6007362e+00
  -9.9882593e-01
  -4.9199103e-01
   1.5215685e+00
  -1.3722228e+00
  -1.8025168e+00
  -1.3339997e+00
   6.2035384e-01
   1.1454569e-01
  -4.6529977e-02
  -5.7236823e-01
   3.5174160e-01
  -4.6114899e-01
   7.2608664e-01
  -7.1271340e-01
   5.2747388e-01
  -6.6695677e-01
   2.5987290e-01
   2.4517145e-01
   1.1849475e+00
  -6.9198488e-01
   1.0655680e+00
   6.8482539e-01
  -4.3021633e-01
  -5.3777489e-01
  -1.3539907e-01
  -3.5334818e-03
   9.1548303e-01
  -1.5573748e-01
   8.2325755e-01
   1.3574491e+00
  -2.1186443e-01
  -3.1169365e-01
  -2.4059199e-02
