    1.2622
    3.0629
    0.2377
    0.4551
    1.8568
    0.8867
    0.4647
    0.3061
   -0.8360
    0.1527
   -1.5473
    0.7247
   -0.8156
   -0.6399
    0.7424
    0.4406
   -0.9998
    0.0757
    1.3464
   -0.2848
   -0.7650
    1.3966
   -0.3816
   -0.6426
   -0.6882
    1.5569
    1.5257
    0.5288
   -1.3343
    0.0822
    0.7358
   -0.2367
   -0.1749
   -0.5022
   -1.3544
   -0.7048
   -0.1241
    0.1007
   -0.8631
   -0.0567
    0.8373
   -0.9951
    0.5084
   -2.1876
   -0.0138
   -0.6593
   -0.1335
   -1.7926
   -0.6338
   -0.0206
   -1.5131
   -0.6699
   -0.7200
    0.3719
    1.3030
    0.8399
    1.6304
   -0.4957
    1.2393
   -0.2530
    1.0887
   -1.2326
   -0.3302
   -1.1803
   -1.2625
    0.8996
   -0.4352
   -0.5425
   -0.2801
   -0.8524
   -0.4691
   -0.1336
   -1.6179
   -1.9936
   -0.9906
   -1.1809
    0.5769
   -0.4861
    1.3519
   -1.0169
    0.0025
    0.7495
   -0.3957
    0.8348
   -0.3723
    0.5247
    1.1918
    0.9334
    0.0126
   -1.1170
    0.2180
    1.3742
    1.6662
   -0.1589
    1.0324
    1.1315
    0.9500
   -1.5871
    1.7070
   -0.2419
